-87.62916818	41.84555661
-87.62946563	41.84555306
-87.62978701	41.84554552
-87.62996524	41.84554484
-87.62996524	41.84554483
-87.62996223	41.84541345
-87.62994473	41.84479973
-87.62993061	41.84434629
-87.62992853	41.84427567
-87.62991425	41.84376221
-87.62990488	41.84334448
-87.62988457	41.84278617
-87.62987554	41.84233716
-87.6298662	41.84201589
-87.6298631	41.84190821
-87.62986099	41.84183508
-87.62985751	41.84171396
-87.62984201	41.8413283
-87.62982945	41.84086398
-87.62981523	41.84033848
-87.6298009	41.83980429
-87.62979313	41.8395089
-87.62978732	41.83928555
-87.62978241	41.83909986
-87.62976267	41.83835303
-87.62976041	41.83826567
-87.62973867	41.83756813
-87.62972206	41.83703485
-87.62969845	41.83620399
-87.6296873	41.83581138
-87.62966277	41.83482638
-87.6296624	41.83481301
-87.62965717	41.83462483
-87.6296569	41.83461359
-87.62965495	41.8345351
-87.62964451	41.83416452
-87.62964438	41.8341601
-87.62962752	41.83348045
-87.6296211	41.83320907
-87.62961561	41.83297646
-87.6296105	41.83277232
-87.6295836	41.83175301
-87.62956551	41.83105963
-87.62956105	41.83097085
-87.62953048	41.83097091
-87.62947679	41.83097101
-87.62938395	41.8309712
-87.6292449	41.83097147
-87.62914495	41.83097286
-87.62899568	41.83097495
-87.62900366	41.83083275
-87.62899941	41.83064139
-87.62899259	41.83036986
-87.62898715	41.8301564
-87.62898034	41.82989077
-87.62897263	41.82958984
-87.62896563	41.82931795
-87.62896232	41.82919032
-87.62895931	41.82907433
-87.62895345	41.82884279
-87.62895136	41.82874005
-87.62894944	41.82864606
-87.62894615	41.82848127
-87.62894162	41.82825495
-87.62893683	41.8280297
-87.62893235	41.8278556
-87.62892313	41.82767939
-87.62893521	41.82763877
-87.62898825	41.8275824
-87.62904768	41.82751006
-87.62907828	41.82742323
-87.62909203	41.82733018
-87.6290456	41.82588558
-87.62903953	41.82568941
-87.62903126	41.82545398
-87.62902443	41.82525935
-87.6289682	41.82368149
-87.62912974	41.82367962
-87.62935652	41.82367646
-87.62938412	41.82367606
-87.62946599	41.82367488
-87.62964086	41.82367186
-87.62984938	41.82366825
-87.62992376	41.82366719
-87.63003252	41.82366563
-87.63029645	41.82366185
-87.63044774	41.82365969
-87.63064546	41.82365657
-87.63089981	41.82365252
-87.63101651	41.82365066
-87.63133938	41.82364552
-87.63161506	41.82364113
-87.6317987	41.82363706
-87.63214403	41.82362844
-87.63254637	41.8236307
-87.63265349	41.8236313
-87.63265352	41.82363129
-87.63270489	41.82363122
-87.63291061	41.82362733
-87.63323653	41.82362269
-87.633417	41.82362012
-87.63349471	41.82361924
-87.63376316	41.82361592
-87.63396392	41.82361329
-87.63606374	41.82521045
-87.63607191	41.82540428
-87.63611651	41.82540531
-87.63616487	41.82540642
-87.63618064	41.8260416
-87.63618252	41.82612188
-87.63618595	41.82625912
-87.63618714	41.82630625
-87.63618864	41.8263665
-87.63619575	41.82678471
-87.63620338	41.82723349
-87.63629224	41.82723274
-87.63640384	41.82723091
-87.63641657	41.82741859
-87.63644392	41.82849108
-87.63646403	41.82938584
-87.63648779	41.83032452
-87.63650105	41.83087755
-87.63650105	41.83087757
-87.63650958	41.83123369
-87.63653521	41.83225368
-87.63654929	41.83298477
-87.63657614	41.83414679
-87.63653166	41.8345264
-87.63639741	41.83452824
-87.6360955	41.834533
-87.6358897	41.83453484
-87.63589698	41.83485106
-87.63590068	41.83501412
-87.63590505	41.83521645
-87.63591037	41.83547694
-87.63591469	41.83567381
-87.63591819	41.83581807
-87.6359233	41.83600932
-87.63592809	41.83617697
-87.63593202	41.83635963
-87.63599681	41.83635899
-87.63625868	41.8363564
-87.63643064	41.83635405
-87.63645891	41.83751123
-87.6364756	41.83817157
-87.63642776	41.83817208
-87.63637566	41.83817264
-87.63638459	41.83851703
-87.6363865	41.83859067
-87.63638774	41.8386386
-87.63639099	41.83877193
-87.63639334	41.83891358
-87.63639565	41.83905278
-87.63639995	41.83923708
-87.6364027	41.83935409
-87.63640704	41.83953878
-87.63640993	41.83965208
-87.6364143	41.83982321
-87.63641639	41.83989468
-87.63641927	41.83999249
-87.63642084	41.84004589
-87.63642107	41.84005349
-87.636426	41.84022007
-87.63642816	41.8403753
-87.63643039	41.84053574
-87.63643535	41.84069955
-87.63643971	41.84084379
-87.63644376	41.8409779
-87.63644626	41.84110788
-87.63644989	41.84129561
-87.6364556	41.84147625
-87.6364576	41.84153518
-87.63646055	41.84162216
-87.63646501	41.84181322
-87.63646912	41.84198918
-87.63647195	41.84209976
-87.63647695	41.84226862
-87.63648162	41.84242619
-87.636485	41.84255275
-87.63648959	41.84272451
-87.6364966	41.84298685
-87.63650102	41.84316163
-87.63650459	41.84331306
-87.63650805	41.84345361
-87.63651204	41.84364269
-87.6366103	41.84364114
-87.63674997	41.84363894
-87.63695397	41.84363573
-87.63728924	41.84363047
-87.63752475	41.84362677
-87.63771224	41.84362384
-87.63794824	41.84362041
-87.63829149	41.84361678
-87.63829854	41.8438359
-87.63829932	41.84399477
-87.63830022	41.84407002
-87.63830148	41.84417513
-87.63830695	41.84436809
-87.63831313	41.84452397
-87.63832033	41.84470544
-87.63832232	41.84483978
-87.63832523	41.84497858
-87.63832634	41.84503166
-87.63832976	41.84521766
-87.63833606	41.84543644
-87.63834198	41.84564172
-87.63834746	41.84583355
-87.63834916	41.84589078
-87.63835161	41.84597306
-87.63835432	41.8460645
-87.63835584	41.84611554
-87.63835783	41.84618256
-87.639525	41.84637366
-87.63956598	41.84636892
-87.63961544	41.84636319
-87.63998133	41.84632137
-87.63998138	41.84632137
-87.64028994	41.84632032
-87.64045396	41.84631766
-87.64055439	41.84631604
-87.64077317	41.84631253
-87.641023	41.84630844
-87.6412801	41.84630466
-87.64160007	41.84630055
-87.64160243	41.84644714
-87.64160273	41.84646598
-87.64174231	41.84682959
-87.64185031	41.84711093
-87.64172655	41.8472829
-87.64216049	41.84779582
-87.64229973	41.84796041
-87.64242591	41.84810954
-87.64231406	41.84811088
-87.64162818	41.84811928
-87.64162366	41.84819278
-87.64175804	41.84835481
-87.64185302	41.84846461
-87.64195574	41.84858482
-87.64224823	41.84892555
-87.64239548	41.84885387
-87.64276096	41.8486917
-87.64313995	41.84855165
-87.64323272	41.84852247
-87.6433299	41.84861308
-87.64346619	41.84874823
-87.64351242	41.84880307
-87.6435261	41.84881931
-87.64367683	41.84901021
-87.64372028	41.84907303
-87.64377286	41.84914905
-87.64399883	41.84950524
-87.64331691	41.84969267
-87.6433169	41.84969266
-87.64331568	41.84969301
-87.64264004	41.85002383
-87.64238025	41.8502691
-87.64218185	41.85045469
-87.64191935	41.85078212
-87.64189335	41.85081704
-87.64159395	41.8512193
-87.64114753	41.85179304
-87.64075366	41.85237107
-87.64052177	41.85271732
-87.64049058	41.85276389
-87.64049054	41.85276395
-87.64048979	41.85276508
-87.64034169	41.85298621
-87.63990974	41.85353652
-87.63987238	41.85358684
-87.63964787	41.85394972
-87.63939398	41.85428497
-87.6390444	41.85456783
-87.63870709	41.85474422
-87.63844034	41.8548837
-87.63747872	41.85532981
-87.63697884	41.85567342
-87.6361611	41.85629188
-87.63549374	41.85693838
-87.6353212	41.85722519
-87.63515816	41.8577221
-87.63493562	41.85772296
-87.63467747	41.85772361
-87.63441641	41.8577198
-87.63410189	41.85772011
-87.63375287	41.85772607
-87.63341043	41.85773142
-87.6330365	41.85773801
-87.63259434	41.85774419
-87.63220854	41.85775071
-87.63193477	41.85775216
-87.6318924	41.85775256
-87.63143913	41.85775691
-87.63136296	41.85775768
-87.63106826	41.8577614
-87.63092278	41.85776456
-87.63084708	41.8577662
-87.63067397	41.85776987
-87.63022641	41.85777915
-87.63022446	41.85769517
-87.63022246	41.85760867
-87.63022136	41.85756121
-87.63021869	41.85744576
-87.63021375	41.8572125
-87.63020714	41.85699171
-87.6302041	41.85687426
-87.63019744	41.85658643
-87.6301915	41.85632921
-87.63018285	41.85606933
-87.63017766	41.85591339
-87.63015867	41.85550197
-87.63015846	41.85541041
-87.63015778	41.85512243
-87.6301574	41.85496156
-87.63014866	41.85473085
-87.63014241	41.85453707
-87.63013632	41.85432907
-87.63013254	41.85418015
-87.63013254	41.85418007
-87.63013104	41.85412086
-87.63012466	41.85386177
-87.63012091	41.85371904
-87.63011376	41.8535275
-87.6301037	41.85329907
-87.6300613	41.85287715
-87.62970957	41.85287875
-87.62934972	41.85288176
-87.62933728	41.85243616
-87.62933001	41.85217593
-87.62932576	41.85202741
-87.62931649	41.85171476
-87.62931193	41.85149475
-87.62930743	41.85126882
-87.62930265	41.85107032
-87.62929889	41.85092304
-87.62929203	41.85067887
-87.6292873	41.8505006
-87.62928417	41.85034595
-87.62928273	41.85027467
-87.62927542	41.84997103
-87.62927287	41.84973457
-87.62926966	41.84949173
-87.62925968	41.84920965
-87.62925361	41.8490379
-87.62924993	41.84888845
-87.62923122	41.84870963
-87.62922611	41.84852277
-87.62922609	41.84833753
-87.62922418	41.8481168
-87.62922157	41.84796023
-87.62921229	41.84778193
-87.62919515	41.84750183
-87.62920072	41.84712706
-87.62919465	41.84694024
-87.62919243	41.84678292
-87.62918769	41.84660155
-87.62919338	41.84652426
-87.6291937	41.84642467
-87.6291883	41.84613084
-87.62918119	41.84591932
-87.62916818	41.84555661