-87.71254776	41.75733733
-87.71251712	41.75733065
-87.71234156	41.75730261
-87.71234147	41.7573026
-87.71225275	41.757286
-87.71205053	41.75725746
-87.71184372	41.75722993
-87.7117284	41.75721661
-87.71150824	41.75719518
-87.71134847	41.75718334
-87.7111882	41.75717527
-87.71100547	41.75716845
-87.71082451	41.7571685
-87.71042131	41.75717283
-87.71003183	41.75717964
-87.70964418	41.75718611
-87.7095493	41.75719108
-87.70949658	41.75719423
-87.70944386	41.75719771
-87.7093916	41.75720155
-87.70933887	41.75720572
-87.7092866	41.75721058
-87.70923385	41.75721681
-87.70918112	41.75722201
-87.70912793	41.75722653
-87.70907475	41.75723001
-87.70902158	41.75723281
-87.7089171	41.75723533
-87.70880301	41.75723711
-87.70851343	41.75724137
-87.70813357	41.75724822
-87.70790769	41.75724974
-87.70763641	41.75725649
-87.70743205	41.75725949
-87.70744747	41.75713403
-87.70695445	41.75714129
-87.70690129	41.75714306
-87.70684858	41.75714551
-87.7067954	41.75714865
-87.70674268	41.75715317
-87.7066904	41.75715803
-87.70663766	41.75716426
-87.70658491	41.75717049
-87.70653125	41.75717603
-87.7064776	41.75718088
-87.70642717	41.75718507
-87.70637674	41.75718856
-87.70632631	41.75719206
-87.70627589	41.75719522
-87.7061187	41.75719985
-87.7060014	41.75720195
-87.70588364	41.75720405
-87.70576633	41.75720616
-87.70423177	41.75723413
-87.70278115	41.75725087
-87.70261829	41.75723956
-87.70261651	41.75719886
-87.7024985	41.75720164
-87.70234224	41.75720558
-87.7021292	41.75720613
-87.70142609	41.75723966
-87.70129722	41.75725404
-87.70117854	41.75725579
-87.6993378	41.75729813
-87.69605243	41.75735268
-87.69301092	41.75739271
-87.69288309	41.75739372
-87.69190575	41.75740747
-87.69017507	41.75743725
-87.6900811	41.7574429
-87.68997564	41.75745191
-87.68977385	41.75747239
-87.68954417	41.75748826
-87.68910801	41.75748959
-87.68876905	41.75748323
-87.68863449	41.75746978
-87.68851821	41.75746158
-87.68840192	41.75745406
-87.68828516	41.75744758
-87.68816885	41.75744178
-87.68797913	41.75744654
-87.68780782	41.75744352
-87.68736295	41.75744583
-87.68695977	41.75744768
-87.68674585	41.75745147
-87.68668185	41.75747757
-87.68669743	41.75752989
-87.68656228	41.75753201
-87.68639997	41.75753474
-87.68563426	41.75755067
-87.68480713	41.75757002
-87.68454143	41.75756749
-87.68410304	41.75756364
-87.68382751	41.75758163
-87.68348029	41.75757761
-87.68335236	41.75758821
-87.68324873	41.75759688
-87.68305308	41.75759955
-87.68305285	41.75759955
-87.6828194	41.75760269
-87.6827328	41.75760391
-87.68266545	41.75760456
-87.68199603	41.75761243
-87.68175196	41.75762133
-87.68171096	41.75762282
-87.68159954	41.75763179
-87.68153948	41.7576366
-87.68145613	41.75763304
-87.68131463	41.75762709
-87.6812006	41.75762198
-87.68023106	41.75763466
-87.67931603	41.75764695
-87.67906082	41.75764927
-87.67858798	41.75765343
-87.67853456	41.7574552
-87.67853355	41.75741952
-87.67853175	41.75737182
-87.67851261	41.75682114
-87.67848612	41.75636234
-87.67845241	41.75589219
-87.67841241	41.7553208
-87.67838988	41.75483288
-87.67838801	41.75479136
-87.67836843	41.7541038
-87.67836675	41.7540441
-87.67834674	41.75330851
-87.67834476	41.75323303
-87.67832861	41.75261375
-87.67832295	41.75240447
-87.67832093	41.75233311
-87.6783063	41.75178965
-87.67829253	41.75125169
-87.67828326	41.75090173
-87.67826631	41.75027079
-87.67826371	41.75016625
-87.67823946	41.7492621
-87.67821554	41.7483711
-87.67821486	41.74834783
-87.67821015	41.74817999
-87.67821064	41.74808703
-87.67821708	41.74799445
-87.67821961	41.74797011
-87.67823365	41.74780622
-87.67824173	41.74764229
-87.67824333	41.74757438
-87.67824253	41.74751777
-87.67824236	41.74748998
-87.67824188	41.74744703
-87.67813665	41.74744842
-87.67813457	41.74741927
-87.67812508	41.74737281
-87.67812211	41.74733261
-87.67811847	41.74727337
-87.67811772	41.74719847
-87.67811686	41.74709978
-87.67811568	41.7470065
-87.67811627	41.74693438
-87.67811698	41.74686416
-87.67811752	41.74680381
-87.67812061	41.74675965
-87.67812558	41.74672521
-87.67813288	41.74669155
-87.67814166	41.74665373
-87.67814863	41.74662081
-87.6781536	41.7465898
-87.67815604	41.74656256
-87.67815805	41.74650179
-87.67815813	41.74645738
-87.67815644	41.74638536
-87.67815412	41.74630373
-87.67815089	41.74618903
-87.67814816	41.74609755
-87.67814044	41.74596287
-87.67813645	41.74587964
-87.67814683	41.74574473
-87.67815177	41.74570623
-87.67815095	41.74562137
-87.67814842	41.74546663
-87.67814512	41.74530761
-87.67814139	41.74514853
-87.67813723	41.74499548
-87.67813214	41.74481811
-87.67812955	41.74473742
-87.67812543	41.74460956
-87.67812172	41.74449486
-87.67811734	41.74438166
-87.67811371	41.7442959
-87.67810878	41.74419664
-87.67810266	41.74408483
-87.67810012	41.74403992
-87.67809379	41.74393379
-87.67808665	41.74382156
-87.67807847	41.74369654
-87.67806961	41.74358776
-87.67805842	41.7434771
-87.6780426	41.74335014
-87.67802328	41.74321767
-87.67797937	41.74298135
-87.67797841	41.74297656
-87.6779588	41.74287866
-87.67793951	41.74278233
-87.67792542	41.74271194
-87.67790338	41.74260193
-87.6778902	41.74254291
-87.67785135	41.7424142
-87.67780472	41.74226464
-87.67776502	41.74213713
-87.6777123	41.74196339
-87.67767026	41.7418238
-87.67763941	41.74172332
-87.67760941	41.74163508
-87.67757079	41.74153074
-87.67752375	41.74141488
-87.67748057	41.7413087
-87.6774445	41.74122309
-87.67741656	41.74115666
-87.67734798	41.74100064
-87.67730039	41.74089235
-87.67719331	41.74065985
-87.67688882	41.74011138
-87.67609101	41.73929759
-87.67529902	41.73867528
-87.67525961	41.73861961
-87.67519945	41.73854816
-87.67439804	41.7376009
-87.67435514	41.73755222
-87.67407194	41.73720961
-87.67402761	41.73715584
-87.67352997	41.73655438
-87.67340418	41.73640581
-87.67327521	41.73625379
-87.67316978	41.73612798
-87.67308789	41.73603008
-87.67304355	41.73597734
-87.6730155	41.73594356
-87.67298052	41.73591592
-87.67290739	41.73590178
-87.67279135	41.73589824
-87.67278538	41.73566817
-87.67278502	41.73565438
-87.67308256	41.73565672
-87.67337227	41.735659
-87.67347315	41.73565791
-87.67348557	41.73565777
-87.67380663	41.73565427
-87.67427098	41.73564652
-87.67478063	41.73563115
-87.67513383	41.73562882
-87.67543181	41.73562508
-87.67565421	41.735622
-87.67583302	41.73561867
-87.67604234	41.73561551
-87.67613477	41.73561449
-87.67623712	41.73561336
-87.67639991	41.73561211
-87.67664994	41.7356081
-87.67691304	41.73560416
-87.67720376	41.73560037
-87.67755949	41.73559448
-87.67758054	41.73559425
-87.6778041	41.73559183
-87.67800178	41.73559078
-87.67817765	41.7355896
-87.67845094	41.73558463
-87.67866173	41.73558039
-87.67890156	41.73557849
-87.67944811	41.7355718
-87.6799438	41.73556373
-87.68024469	41.73556
-87.68029952	41.7355596
-87.68035677	41.73555917
-87.68049469	41.73555816
-87.68069239	41.73555492
-87.68081436	41.73555267
-87.68091771	41.73555076
-87.68125203	41.73554722
-87.68162706	41.73554172
-87.68188937	41.73553608
-87.68198758	41.73553397
-87.68251405	41.73552728
-87.68251513	41.73552727
-87.68251523	41.73552727
-87.68252105	41.73552719
-87.682909	41.73552224
-87.68299345	41.73552116
-87.68308308	41.73551948
-87.68308634	41.73551942
-87.68313253	41.73551855
-87.68343975	41.73551279
-87.68388165	41.73550549
-87.68414187	41.73550043
-87.68421833	41.7354987
-87.68441082	41.73549435
-87.68460685	41.73549079
-87.68463609	41.73549026
-87.68482363	41.73548686
-87.68518985	41.73548118
-87.68527071	41.73547993
-87.68530024	41.73547948
-87.68533822	41.73547889
-87.68544722	41.73547729
-87.6855537	41.73547572
-87.68555869	41.73547565
-87.68571327	41.73547338
-87.68602725	41.73546752
-87.68629765	41.73546251
-87.68649534	41.73546036
-87.68673808	41.73545519
-87.68695323	41.73545097
-87.68717418	41.73544894
-87.68735445	41.73544676
-87.68744171	41.7354457
-87.68754117	41.7354445
-87.68757912	41.73544405
-87.68766549	41.73544301
-87.68788866	41.73543898
-87.68794593	41.73543795
-87.68823964	41.73543265
-87.68823965	41.73543265
-87.68826438	41.73543221
-87.68826439	41.73543221
-87.68861328	41.73542437
-87.68861329	41.73542437
-87.68861698	41.73542431
-87.68861974	41.73542426
-87.68894906	41.73541862
-87.68952618	41.7354088
-87.68958462	41.73540776
-87.68958855	41.73540769
-87.68966089	41.7354064
-87.6896609	41.7354064
-87.68998846	41.73540052
-87.69043035	41.73539319
-87.69100454	41.73538334
-87.69152876	41.73537364
-87.69168196	41.7353708
-87.69212915	41.73536282
-87.69213096	41.73536279
-87.69220689	41.73536143
-87.69224772	41.7353607
-87.69224772	41.7353607
-87.69233317	41.73535918
-87.6924504	41.73535759
-87.69255101	41.73535623
-87.69278817	41.73535301
-87.69291618	41.73535117
-87.69295638	41.7353506
-87.6929785	41.73535028
-87.6932257	41.73534673
-87.69360072	41.73534011
-87.69374722	41.73533782
-87.69390759	41.73533531
-87.69401066	41.7353337
-87.69416599	41.73533063
-87.6945267	41.7353235
-87.69457762	41.73532248
-87.69457932	41.73532244
-87.69465491	41.73532092
-87.69465492	41.73532092
-87.69495263	41.73531498
-87.69547014	41.73530479
-87.69547015	41.73530479
-87.69603562	41.73529703
-87.6965967	41.73528817
-87.69659671	41.73528817
-87.6966271	41.73528761
-87.6971086	41.73527861
-87.69710862	41.73527861
-87.69714986	41.73527784
-87.69716192	41.73527762
-87.69722613	41.73527643
-87.69746416	41.73527261
-87.69763024	41.73526994
-87.69798599	41.73526461
-87.69805468	41.73526359
-87.69815391	41.73526197
-87.69816668	41.73526177
-87.69855476	41.73525546
-87.69868525	41.73525296
-87.6989952	41.73524702
-87.6990653	41.73524568
-87.69906532	41.73524568
-87.69952872	41.7352369
-87.70006506	41.7352278
-87.70006537	41.7352278
-87.70020756	41.73522539
-87.70048521	41.73522038
-87.70053715	41.73521991
-87.70059001	41.73521943
-87.70063347	41.73521903
-87.70092706	41.73521738
-87.70097583	41.73521631
-87.70104013	41.73521489
-87.70124398	41.7352104
-87.70139081	41.73521686
-87.701392	41.73521691
-87.70143797	41.73521894
-87.7014706	41.73522037
-87.70170323	41.73521186
-87.70184512	41.73520401
-87.70184697	41.7352039
-87.70185039	41.73520372
-87.70209494	41.73519019
-87.70209496	41.73519019
-87.70215112	41.73518709
-87.70220973	41.73518604
-87.70279801	41.73517541
-87.70346665	41.73516492
-87.70346666	41.73516492
-87.70368444	41.7351619
-87.70450863	41.73515046
-87.70462528	41.73514883
-87.70464696	41.73514852
-87.70494126	41.7351433
-87.70610061	41.73512271
-87.70658878	41.73511714
-87.7069118	41.73511344
-87.70697888	41.73511267
-87.7069796	41.73511266
-87.70698157	41.73511264
-87.70706724	41.73511166
-87.70736587	41.73510599
-87.70748515	41.73510373
-87.70769086	41.73509982
-87.70845684	41.73509419
-87.70888501	41.73508787
-87.70888805	41.73508782
-87.70890883	41.73508752
-87.70915746	41.73508384
-87.7093416	41.73508045
-87.71002532	41.73506786
-87.71121005	41.73504489
-87.71154026	41.73503717
-87.71167546	41.73503402
-87.71167546	41.73503402
-87.71192818	41.73502811
-87.71195196	41.73502774
-87.71195582	41.73502768
-87.71197805	41.73502734
-87.71265296	41.73501717
-87.71277853	41.73501528
-87.71342172	41.73500028
-87.71399094	41.734987
-87.7141189	41.73498473
-87.7141217	41.73498468
-87.71414319	41.7349843
-87.71414321	41.7349843
-87.71470176	41.73497447
-87.71508083	41.73496794
-87.71530679	41.73496405
-87.71532028	41.73496382
-87.71561611	41.73495872
-87.71657304	41.73494207
-87.71657305	41.73494207
-87.71685122	41.73493723
-87.71695491	41.73493542
-87.71712483	41.73493238
-87.71817157	41.73491365
-87.71861704	41.73490586
-87.71898273	41.73489947
-87.71901031	41.73489898
-87.71901032	41.73489898
-87.71969645	41.73488695
-87.7203922	41.73487642
-87.72056482	41.73487381
-87.72091891	41.73486844
-87.72099445	41.73486717
-87.72107226	41.73486586
-87.72107226	41.73486586
-87.72143876	41.73485966
-87.72143877	41.73485966
-87.72143877	41.73485966
-87.72143878	41.73485966
-87.72158432	41.7348572
-87.72173335	41.73485467
-87.72173429	41.73485466
-87.72233912	41.73484442
-87.72251479	41.73484092
-87.72252262	41.73484077
-87.72264712	41.73483829
-87.72264715	41.73483829
-87.72264716	41.73483829
-87.72337471	41.73482375
-87.7235878	41.73481949
-87.72385789	41.73481505
-87.7238579	41.73481505
-87.72431757	41.73480751
-87.72474054	41.73480057
-87.72486853	41.73479838
-87.72487	41.73479835
-87.72507286	41.73479487
-87.72507286	41.73479487
-87.72590216	41.7347807
-87.72595575	41.73477978
-87.72595576	41.73477978
-87.72627968	41.73476744
-87.72627969	41.73476744
-87.72715957	41.73473389
-87.72750002	41.73472926
-87.72750003	41.73472926
-87.72762105	41.73472761
-87.72769771	41.73472657
-87.72769988	41.73472654
-87.72790961	41.73472368
-87.72866551	41.73471023
-87.72871153	41.73470946
-87.72871153	41.73470946
-87.72940106	41.73469777
-87.72992364	41.7346885
-87.72992364	41.7346885
-87.72995724	41.73468791
-87.73001594	41.73468687
-87.73056323	41.73467668
-87.73111051	41.73466649
-87.73111052	41.73466649
-87.73113009	41.73466616
-87.73113103	41.73466615
-87.7311312	41.73466614
-87.73113825	41.73466603
-87.73113825	41.73466603
-87.73140153	41.73466178
-87.73201476	41.73465189
-87.73233301	41.73464676
-87.73234097	41.73464663
-87.73234102	41.73464663
-87.73234241	41.7346466
-87.73235163	41.73464645
-87.73235163	41.73464645
-87.7328961	41.73463794
-87.73294869	41.73463712
-87.7335636	41.7346275
-87.73356361	41.7346275
-87.73358453	41.73462717
-87.73478402	41.73460684
-87.73487999	41.73460521
-87.73495966	41.73460385
-87.73528867	41.73459838
-87.73548404	41.73459513
-87.73599356	41.73458665
-87.736158	41.73458392
-87.73630569	41.73458146
-87.7365537	41.7345774
-87.73669288	41.73457512
-87.73720974	41.73456665
-87.73720976	41.73456665
-87.73756743	41.73456079
-87.73775032	41.7345577
-87.73825787	41.73454914
-87.73830032	41.73455231
-87.73839876	41.73455966
-87.73840505	41.73455951
-87.73840987	41.73455939
-87.73840999	41.73455939
-87.73841905	41.73455916
-87.73841906	41.73455916
-87.73845984	41.73455819
-87.73847946	41.73455772
-87.73851071	41.73455698
-87.73853077	41.7345589
-87.73857447	41.73456309
-87.73860654	41.73456617
-87.73863584	41.7345657
-87.73867658	41.73456504
-87.7387083	41.73456453
-87.73893637	41.73456267
-87.73894091	41.73456263
-87.73903532	41.73456186
-87.73952658	41.73456004
-87.7395921	41.73455871
-87.73959312	41.73455869
-87.73963783	41.73455778
-87.73963785	41.73455778
-87.73987535	41.73455292
-87.73987913	41.73455285
-87.73988084	41.73455281
-87.74016475	41.734547
-87.74106728	41.73452356
-87.74106728	41.73452356
-87.74103006	41.73490982
-87.74102366	41.73496476
-87.74099277	41.73522898
-87.74095303	41.73555867
-87.74093557	41.73580725
-87.74092796	41.73603809
-87.7409281	41.73610511
-87.74092824	41.73617168
-87.74092863	41.7363589
-87.74092863	41.7363589
-87.7409292	41.7366206
-87.74093263	41.73686514
-87.74094402	41.73723244
-87.74095178	41.73748222
-87.74095188	41.73748551
-87.7409531	41.73752037
-87.74095323	41.73752185
-87.74096578	41.73789404
-87.7409749	41.73818598
-87.74098203	41.73841511
-87.74099063	41.73864762
-87.74099899	41.73887416
-87.74100713	41.73910832
-87.74101626	41.73937069
-87.74102981	41.73976682
-87.74103709	41.73997556
-87.74104541	41.74021395
-87.74105756	41.74056232
-87.74107107	41.74095804
-87.74108251	41.7412926
-87.74109438	41.74164001
-87.74110352	41.74189673
-87.74110352	41.74189674
-87.74111427	41.74219894
-87.7411212	41.74238608
-87.74113148	41.74266671
-87.74114369	41.74299305
-87.74115908	41.74342371
-87.7411636	41.74354986
-87.74117793	41.74390401
-87.7411915	41.74423864
-87.74119529	41.74433207
-87.74119666	41.74438241
-87.74119714	41.74439413
-87.74120606	41.74469531
-87.74121142	41.74488732
-87.74121679	41.74507932
-87.7412278	41.74543617
-87.74123417	41.74562059
-87.74124641	41.74597492
-87.74125825	41.74629398
-87.74127417	41.7467382
-87.74127417	41.7467382
-87.74129131	41.74726168
-87.74129444	41.7473566
-87.74130387	41.74764557
-87.74130354	41.74804876
-87.74130354	41.74804876
-87.74130686	41.74836926
-87.74131988	41.74871966
-87.74135817	41.74914709
-87.74135817	41.7491471
-87.74139194	41.74952415
-87.74139571	41.74965183
-87.74140071	41.7498211
-87.74140964	41.75027011
-87.74141213	41.75055779
-87.74141309	41.75066814
-87.7414247	41.75098801
-87.7414247	41.75098802
-87.74143466	41.75124442
-87.74144411	41.75149167
-87.74145645	41.75167684
-87.74146648	41.75178123
-87.74146741	41.75227848
-87.74147391	41.75236379
-87.74148327	41.75248666
-87.7414957	41.75264952
-87.74149737	41.7526714
-87.74149737	41.7526714
-87.74149899	41.75273662
-87.74150149	41.75283753
-87.74150149	41.75283754
-87.74150149	41.75283759
-87.74150162	41.75284286
-87.74149433	41.75307419
-87.74149466	41.7531293
-87.74149563	41.75329155
-87.74130773	41.75329582
-87.74121492	41.7532791
-87.74121169	41.75327852
-87.74027641	41.75320955
-87.74018119	41.75320254
-87.73939561	41.75314462
-87.73911916	41.75311815
-87.73868116	41.75312412
-87.73828808	41.75312654
-87.73818723	41.75313425
-87.73777028	41.75314135
-87.73730618	41.75314615
-87.73718109	41.75314893
-87.7365822	41.75316435
-87.73658197	41.75304085
-87.73232911	41.75332075
-87.73232948	41.75330484
-87.73232378	41.75328226
-87.73232326	41.75328019
-87.73232293	41.75327909
-87.73231505	41.75325317
-87.73229833	41.75322608
-87.73228366	41.7532112
-87.73227317	41.75320056
-87.73223524	41.75318132
-87.73218456	41.75316837
-87.73212955	41.7531649
-87.73206705	41.75316644
-87.73201307	41.75316588
-87.73176743	41.75317179
-87.7314135	41.75318031
-87.73107919	41.75319328
-87.73042054	41.75320454
-87.73000766	41.75320974
-87.72953582	41.75321462
-87.72933897	41.75321792
-87.72920158	41.75322022
-87.72879847	41.75323282
-87.72827748	41.75323744
-87.72784488	41.75324988
-87.7272452	41.75326144
-87.72697387	41.75326272
-87.72697386	41.75326272
-87.72689042	41.75326311
-87.72650798	41.75326491
-87.72494488	41.75329344
-87.72428235	41.75332881
-87.72371612	41.75333844
-87.72345132	41.75334724
-87.72317303	41.75335367
-87.72281583	41.75335968
-87.72233626	41.7533685
-87.72203629	41.75337409
-87.72203842	41.75346041
-87.72208095	41.75388561
-87.72210188	41.75413416
-87.72212923	41.75425708
-87.72214654	41.7543349
-87.72215422	41.75444609
-87.72216163	41.75458561
-87.722166	41.75473818
-87.72217066	41.75486025
-87.72216989	41.75494168
-87.72216853	41.75508496
-87.72214691	41.75552265
-87.72215159	41.75566277
-87.72216051	41.75593026
-87.7221642	41.75615475
-87.72217159	41.75638488
-87.72217743	41.75660158
-87.72217569	41.75678464
-87.72217526	41.75685587
-87.72217499	41.75690175
-87.72217732	41.75700885
-87.72217599	41.75715162
-87.72217532	41.75722327
-87.72217821	41.75750195
-87.72219178	41.75780172
-87.72219532	41.75793847
-87.72224786	41.75996763
-87.72225917	41.76040436
-87.72226309	41.76055589
-87.72228675	41.76146963
-87.72207406	41.76141053
-87.72183436	41.76132315
-87.72156999	41.76122775
-87.72129847	41.76111276
-87.72101977	41.7609823
-87.72062117	41.76079047
-87.72016111	41.76055681
-87.71967966	41.76030794
-87.71941252	41.76016758
-87.71925113	41.76008439
-87.71905007	41.7599804
-87.7190063	41.75995787
-87.71896254	41.759935
-87.71891877	41.75991246
-87.71887501	41.75988959
-87.7188317	41.75986672
-87.71878793	41.75984384
-87.71874463	41.75982097
-87.71870132	41.75979776
-87.71865802	41.75977488
-87.71861472	41.75975167
-87.71857049	41.75972913
-87.71852626	41.75970729
-87.71848156	41.75968578
-87.71843641	41.75966495
-87.71839079	41.75964447
-87.7183447	41.75962467
-87.71829816	41.75960521
-87.71825114	41.75958678
-87.71812882	41.75953878
-87.71800602	41.7594925
-87.71788182	41.75944793
-87.7177567	41.75940506
-87.71762333	41.7593625
-87.71749089	41.75931822
-87.71735938	41.75927224
-87.7172288	41.75922454
-87.71710263	41.75919574
-87.71700291	41.75913208
-87.71683805	41.75907563
-87.71678789	41.759051
-87.71666386	41.75899065
-87.71658127	41.75895487
-87.71642899	41.75887824
-87.71633187	41.75882935
-87.71622609	41.7587763
-87.71622183	41.75888605
-87.71587856	41.75870685
-87.71581291	41.75867288
-87.71553846	41.75853213
-87.71530628	41.7584266
-87.71507318	41.75832106
-87.71484054	41.75821587
-87.71460743	41.75811102
-87.71445786	41.75803817
-87.71419434	41.75790503
-87.71392076	41.75776874
-87.71372004	41.75767984
-87.71363241	41.75764472
-87.71342423	41.75756881
-87.71327673	41.75751931
-87.71308212	41.75746165
-87.71297201	41.75743019
-87.7127846	41.75738664
-87.71254776	41.75733733