-87.68423973	41.82299979
-87.68423446	41.82289339
-87.68423502	41.82271556
-87.68423564	41.8225193
-87.6842358	41.82246968
-87.68423464	41.8223761
-87.68423441	41.8223574
-87.68423356	41.82228859
-87.68423285	41.82223114
-87.68423285	41.82223102
-87.68423193	41.8221639
-87.68423111	41.82210603
-87.68422901	41.82195704
-87.68422696	41.82181169
-87.68422515	41.82174739
-87.68421416	41.82135757
-87.6842085	41.82113751
-87.68420768	41.82110931
-87.68419501	41.82067047
-87.68419355	41.82061991
-87.68418497	41.82026675
-87.6841751	41.8198598
-87.68416665	41.81954241
-87.6841611	41.81933985
-87.6841571	41.81919378
-87.68415052	41.81893416
-87.6841447	41.81871793
-87.68413624	41.81841489
-87.68412806	41.81809173
-87.68412125	41.81782149
-87.68411351	41.81752172
-87.68410854	41.81732937
-87.68410315	41.81710799
-87.68409681	41.81684884
-87.68409358	41.81661374
-87.68409161	41.8164707
-87.68408926	41.81624579
-87.68407223	41.8157034
-87.68405964	41.81530228
-87.68404997	41.81499997
-87.68403934	41.81466467
-87.68403079	41.81429793
-87.68402324	41.81396347
-87.68401924	41.81378592
-87.68401569	41.81362846
-87.68400796	41.81336952
-87.6839966	41.81306753
-87.68399618	41.81305529
-87.68399149	41.81291624
-87.68398435	41.8127216
-87.68398286	41.81268068
-87.68397902	41.81257445
-87.68397384	41.81243342
-87.68396671	41.81220198
-87.68396452	41.81211125
-87.68396394	41.8120873
-87.68396336	41.81206335
-87.68395426	41.81168775
-87.68395069	41.81151495
-87.6839473	41.81132052
-87.68394208	41.81115304
-87.68392813	41.81070509
-87.68392155	41.81046636
-87.68391334	41.81016422
-87.6839117	41.81010073
-87.68390775	41.80994802
-87.68389936	41.80962382
-87.68388828	41.80931198
-87.68388417	41.80919554
-87.68388248	41.8088696
-87.68388279	41.80871858
-87.6838767	41.80855507
-87.6838737	41.80841735
-87.68404634	41.80841835
-87.68420499	41.80841751
-87.68431053	41.80841913
-87.68442536	41.80842575
-87.68442098	41.80827683
-87.68441403	41.80805017
-87.68440715	41.80782348
-87.68440251	41.80767202
-87.68439833	41.8075271
-87.68438849	41.80718612
-87.68438165	41.80695902
-87.68437664	41.80679714
-87.68437137	41.80661426
-87.68436012	41.80622431
-87.68435148	41.80593266
-87.68434963	41.80582205
-87.68434781	41.80567862
-87.68437351	41.80477096
-87.68437226	41.80472241
-87.68436993	41.80463183
-87.68436795	41.80455467
-87.68436795	41.80455465
-87.68439389	41.80455438
-87.68452014	41.8045531
-87.68515377	41.80454598
-87.6855564	41.80454145
-87.6860342	41.80453454
-87.68617451	41.80453259
-87.68665739	41.80452723
-87.6866862	41.80452691
-87.68668698	41.8045269
-87.68668714	41.8045269
-87.68676784	41.80452598
-87.68698793	41.80452344
-87.6878816	41.80451303
-87.6879976	41.80451197
-87.68851619	41.8045063
-87.68871932	41.80450401
-87.68921268	41.80449889
-87.68938922	41.80449679
-87.68986468	41.80449363
-87.69051945	41.80448632
-87.69114902	41.80447817
-87.69186797	41.80447121
-87.69285564	41.80445923
-87.69314909	41.80445606
-87.6938275	41.80442245
-87.69409481	41.80440945
-87.69409481	41.80440954
-87.69409636	41.80445619
-87.69409817	41.80451026
-87.69410066	41.80459171
-87.69410146	41.80462174
-87.69410205	41.80464421
-87.69410221	41.80464421
-87.69542289	41.8046169
-87.6958764	41.80460879
-87.69688569	41.80458866
-87.69788813	41.80456676
-87.6980445	41.80456317
-87.69887725	41.8045465
-87.69992645	41.80452485
-87.70084998	41.8045073
-87.70173395	41.80450393
-87.70242031	41.80450118
-87.70247273	41.80448569
-87.70265186	41.80449868
-87.70387018	41.80448272
-87.70387038	41.80448272
-87.70386902	41.80443524
-87.70386807	41.80440244
-87.70386542	41.80430912
-87.70386401	41.80425938
-87.70386351	41.80424173
-87.70386283	41.80421751
-87.70408004	41.8042139
-87.70518188	41.80419969
-87.70570507	41.80419192
-87.70625577	41.80418361
-87.70633281	41.80418231
-87.70674824	41.80417635
-87.70706142	41.80417154
-87.7071701	41.80416973
-87.70745485	41.80416545
-87.70754563	41.80416457
-87.70772072	41.80416896
-87.70795855	41.80418123
-87.70805056	41.80419614
-87.70832157	41.80419065
-87.70871822	41.80418262
-87.7088003	41.80418169
-87.70923635	41.80417617
-87.70950413	41.80417282
-87.70992967	41.8041645
-87.71005668	41.80416313
-87.71042121	41.80415859
-87.710866	41.80415037
-87.71115035	41.80414093
-87.71122556	41.80413825
-87.71133613	41.80412993
-87.71154315	41.80410429
-87.71168455	41.80408448
-87.71205692	41.80402749
-87.71232645	41.80398504
-87.71259902	41.80396044
-87.71265727	41.80395732
-87.71271599	41.80395421
-87.71277424	41.8039511
-87.71283295	41.80394867
-87.71300904	41.80394413
-87.71325118	41.80393789
-87.7135763	41.80393073
-87.71371063	41.80393008
-87.71377631	41.80392804
-87.71378306	41.80429728
-87.71377066	41.80558448
-87.71378946	41.80602275
-87.71381855	41.80670059
-87.71387382	41.80798867
-87.71387541	41.80818002
-87.7138804	41.80829509
-87.7138814	41.8083342
-87.71388319	41.8083867
-87.71388497	41.80843919
-87.71388702	41.80851193
-87.71388985	41.80859873
-87.71389081	41.8086423
-87.7138959	41.80887593
-87.71390206	41.80909242
-87.71390947	41.80937066
-87.71391509	41.80950139
-87.71393249	41.80964624
-87.713943	41.80969776
-87.71396363	41.80984057
-87.71399428	41.81003901
-87.71400091	41.81011143
-87.71400208	41.81027609
-87.71401471	41.81063086
-87.71402635	41.81113621
-87.71403333	41.81136368
-87.71403924	41.81165392
-87.71403978	41.81169303
-87.7140548	41.81213391
-87.71406891	41.81262007
-87.71407406	41.81284684
-87.71407562	41.81292369
-87.71408452	41.81323658
-87.71409375	41.81356389
-87.71410172	41.81387952
-87.71411247	41.81428676
-87.71412065	41.81457942
-87.71412961	41.81488717
-87.71413371	41.81512869
-87.71414046	41.81533214
-87.71414262	41.81539356
-87.71414871	41.8155706
-87.7141568	41.81587251
-87.71416468	41.81610204
-87.71417168	41.81642316
-87.71417981	41.81672165
-87.71419115	41.81706714
-87.71419646	41.81727848
-87.71419869	41.81738003
-87.7142042	41.81752139
-87.71420977	41.81765761
-87.71421586	41.81793001
-87.71425067	41.81898194
-87.71426797	41.81970858
-87.71428269	41.82032338
-87.71431776	41.8215386
-87.71433017	41.82205973
-87.71433054	41.82211668
-87.71433017	41.82215509
-87.71432842	41.82219316
-87.71432668	41.82223157
-87.71426041	41.82242184
-87.71426187	41.82246317
-87.71429349	41.82335864
-87.71429372	41.82336495
-87.71432301	41.82419441
-87.71433673	41.82423635
-87.71433717	41.82423769
-87.71433808	41.82428538
-87.71433928	41.82435159
-87.71434071	41.82444148
-87.71436666	41.82450851
-87.71436195	41.82563151
-87.71436195	41.82563231
-87.71436195	41.82563256
-87.71436935	41.82604056
-87.71420137	41.82608723
-87.71352771	41.82629991
-87.71269085	41.8265652
-87.71230663	41.82668629
-87.71187396	41.82682465
-87.71179771	41.82684874
-87.71146008	41.8269554
-87.7112032	41.82703537
-87.71085014	41.82714422
-87.70999197	41.82741026
-87.70963876	41.82752163
-87.70945468	41.82757955
-87.70944639	41.82758216
-87.70927913	41.82763479
-87.70924114	41.82764675
-87.70885956	41.82776679
-87.70851178	41.82787533
-87.70810444	41.82800286
-87.70773633	41.82811851
-87.70748378	41.82819828
-87.70709195	41.82832227
-87.7068934	41.82838513
-87.70682526	41.82840671
-87.70673259	41.82843601
-87.70634084	41.82855994
-87.70602373	41.82865964
-87.70561645	41.82878771
-87.70530246	41.82888731
-87.7050471	41.82896846
-87.70487383	41.82902275
-87.70457773	41.82911553
-87.70458162	41.8291997
-87.70458668	41.82930929
-87.7045902	41.82938555
-87.70459461	41.82948098
-87.70460266	41.82965519
-87.70460744	41.82979818
-87.70428508	41.82985009
-87.70417385	41.82987418
-87.70407819	41.82990055
-87.70388838	41.82995327
-87.70374676	41.82999314
-87.70361007	41.83003163
-87.70345818	41.83007468
-87.70332304	41.83011277
-87.70319066	41.83014978
-87.70300978	41.83020035
-87.70288754	41.83023261
-87.70271487	41.83027678
-87.70255577	41.83031742
-87.70241103	41.83035442
-87.7023061	41.83038112
-87.70228793	41.83038574
-87.702253	41.83039463
-87.70207111	41.8304441
-87.7020319	41.83045523
-87.70192507	41.83048556
-87.70178995	41.830524
-87.70080716	41.83079826
-87.70076309	41.83080949
-87.70038325	41.83091681
-87.70018996	41.83097681
-87.69996628	41.83104624
-87.6996445	41.83114577
-87.69961273	41.8311556
-87.69935406	41.83123592
-87.69904474	41.83133295
-87.69854186	41.83149214
-87.69816609	41.83161441
-87.69781085	41.83173099
-87.69761877	41.83180772
-87.69729177	41.83193923
-87.69729075	41.83193964
-87.69704999	41.83202942
-87.69683498	41.83211042
-87.69661467	41.83219452
-87.69635786	41.8319945
-87.69598158	41.83210475
-87.69556076	41.83223252
-87.69526153	41.83232576
-87.69518937	41.83234825
-87.69497275	41.83241752
-87.69488878	41.83244437
-87.69481301	41.8324686
-87.69453059	41.83255891
-87.69441789	41.83259495
-87.69414235	41.83268052
-87.6938688	41.83276539
-87.69361674	41.83284357
-87.69329767	41.8329442
-87.69309861	41.83300693
-87.692764	41.83311275
-87.69253799	41.83318437
-87.6924488	41.83321264
-87.69225757	41.83327326
-87.69214588	41.83330859
-87.69181157	41.83341413
-87.69135494	41.83355804
-87.69092872	41.83369224
-87.69036388	41.83387149
-87.69031858	41.83388565
-87.68990553	41.83401478
-87.68940694	41.83417055
-87.6891228	41.83425938
-87.68891515	41.8343245
-87.68873585	41.83438073
-87.68841862	41.83448033
-87.68834433	41.83450367
-87.68795936	41.83462462
-87.68739948	41.83480098
-87.68745141	41.8346925
-87.68744835	41.83458614
-87.68744321	41.83441288
-87.68743849	41.83424373
-87.68742316	41.83371572
-87.68741513	41.83328208
-87.68739279	41.83204375
-87.68739275	41.83204154
-87.68737698	41.8311466
-87.68737698	41.83114648
-87.68737048	41.830789
-87.68735538	41.83023823
-87.68731861	41.83023888
-87.68743775	41.82840494
-87.68735751	41.82662244
-87.68723163	41.82662619
-87.68700359	41.82663623
-87.68693631	41.8266424
-87.68685899	41.82664948
-87.68686097	41.82654384
-87.68680766	41.82641799
-87.68667416	41.82610233
-87.68659728	41.82594959
-87.68645047	41.82572613
-87.68625166	41.82543001
-87.68622092	41.82538558
-87.68617075	41.82531292
-87.68610958	41.82522637
-87.68616235	41.82519557
-87.68619315	41.825177
-87.68632278	41.82509888
-87.68638615	41.82506068
-87.68647722	41.82500579
-87.68666756	41.82488597
-87.6864553	41.82467646
-87.68634062	41.82456215
-87.68628289	41.82450461
-87.68626103	41.82448283
-87.68619718	41.82441891
-87.68615866	41.82437498
-87.68614351	41.82435234
-87.68613047	41.82431409
-87.6861237	41.82427588
-87.68612265	41.82426333
-87.68611989	41.82419466
-87.68612207	41.82416089
-87.68611288	41.82400987
-87.68610162	41.82379016
-87.68609148	41.82359196
-87.68607902	41.82334985
-87.68607693	41.82330897
-87.68607004	41.82317411
-87.68606558	41.82301947
-87.68608031	41.82295561
-87.68589269	41.82295908
-87.68550817	41.82296549
-87.6854608	41.82296628
-87.68507778	41.82298296
-87.68502106	41.82298642
-87.68494955	41.82299118
-87.68487677	41.82299603
-87.68485091	41.82299775
-87.68473518	41.82300546
-87.68473019	41.82300579
-87.68468243	41.82300491
-87.68456741	41.82300278
-87.68443178	41.82300033
-87.68423973	41.82299979