-87.60914088	41.8446925
-87.60914875	41.8446616
-87.60916112	41.84458961
-87.60916766	41.84451718
-87.60916861	41.84445626
-87.60915012	41.84423872
-87.60907241	41.84419474
-87.60900627	41.84410647
-87.60896502	41.84404346
-87.60891566	41.84395529
-87.6088998	41.84387362
-87.60886701	41.84380438
-87.60885143	41.84369761
-87.60881089	41.84357185
-87.60877127	41.84336452
-87.60872156	41.84330773
-87.6086722	41.84321956
-87.60858153	41.84307466
-87.60847386	41.84294848
-87.60839136	41.84282246
-87.6082674	41.84265224
-87.60817673	41.84250734
-87.60806913	41.84237488
-87.60801956	41.84230554
-87.60802098	41.84218005
-87.60799814	41.84197282
-87.60797503	41.8417907
-87.60797666	41.84164638
-87.60797814	41.84151461
-87.60797949	41.84139539
-87.60794734	41.84126968
-87.60789016	41.84113127
-87.60784934	41.84103061
-87.6077335	41.84088555
-87.6076563	41.84076194
-87.60757583	41.84063822
-87.60752761	41.84056031
-87.60698398	41.84066739
-87.60667816	41.84056137
-87.60671362	41.84050344
-87.60699498	41.84060011
-87.6075009	41.84050284
-87.60746118	41.84045995
-87.6074422	41.8404185
-87.60743327	41.84039396
-87.60743662	41.84036949
-87.60743929	41.84036528
-87.60745016	41.84034815
-87.6074132	41.84026856
-87.60734791	41.84010499
-87.60721092	41.83965163
-87.60709523	41.83951204
-87.60700485	41.83945658
-87.60694131	41.83942819
-87.60690336	41.83940984
-87.60682817	41.83937314
-87.60676104	41.83933868
-87.60670127	41.83930263
-87.60666195	41.83927494
-87.60662047	41.83924284
-87.60658411	41.83921297
-87.60651223	41.83914391
-87.60649228	41.8391245
-87.60646795	41.83910082
-87.60645125	41.8390848
-87.60615628	41.83863502
-87.60614049	41.83863857
-87.60470984	41.83896006
-87.60427773	41.83958214
-87.60427495	41.83982733
-87.60418506	41.83982857
-87.60419546	41.83955437
-87.60466703	41.83887987
-87.60613499	41.83855128
-87.60613594	41.83852105
-87.60612905	41.83843917
-87.60611501	41.83829878
-87.60610096	41.8381584
-87.60607904	41.83802381
-87.60610454	41.83784276
-87.6060989	41.83764982
-87.60608545	41.83745682
-87.60607168	41.83729306
-87.60601915	41.83709982
-87.6059749	41.83686571
-87.60591475	41.83665489
-87.60588837	41.83657304
-87.60584679	41.83644402
-87.60577015	41.83630908
-87.60565502	41.83612129
-87.60551619	41.83595673
-87.60530827	41.83568067
-87.60509187	41.83546301
-87.60482103	41.83522162
-87.60464298	41.8350685
-87.60455787	41.83499197
-87.60454429	41.83481067
-87.60473439	41.83458974
-87.60503332	41.83442211
-87.60499603	41.83426404
-87.6049439	41.83403573
-87.60486846	41.83379558
-87.6047456	41.8336019
-87.60463015	41.83344333
-87.60455305	41.83334931
-87.60443688	41.83325504
-87.60435157	41.83319605
-87.60422718	41.8331368
-87.60407153	41.83307736
-87.60391568	41.83303545
-87.60375168	41.83302271
-87.603611	41.83302182
-87.60348608	41.83300933
-87.60335368	41.83296757
-87.60322922	41.83291417
-87.60312848	41.83283754
-87.60301244	41.83273158
-87.6029123	41.83260234
-87.60279653	41.832473
-87.60270433	41.83233211
-87.6027054	41.83223859
-87.60273084	41.83206338
-87.60276449	41.83185315
-87.60276542	41.83177132
-87.60273576	41.83163084
-87.60272954	41.8314905
-87.6027102	41.83136625
-87.60279793	41.83136621
-87.60295002	41.83133289
-87.60583494	41.83123395
-87.60604988	41.83123284
-87.60620268	41.8312382
-87.60670209	41.83123285
-87.60686721	41.83123287
-87.60721396	41.831233
-87.60749036	41.83121712
-87.60828613	41.83120931
-87.60903306	41.83120197
-87.60939574	41.8311984
-87.61063336	41.83118622
-87.61100083	41.82977587
-87.61100978	41.82974684
-87.61102002	41.82971691
-87.61108241	41.82949383
-87.61127645	41.82879669
-87.61127693	41.82879496
-87.61129507	41.82872978
-87.61129609	41.8287261
-87.61133107	41.82860044
-87.61141795	41.82828827
-87.61141941	41.82828304
-87.61148308	41.82805426
-87.61152418	41.82790661
-87.61162668	41.82753626
-87.61168992	41.82730778
-87.61184009	41.82676635
-87.61188697	41.82659407
-87.61194858	41.82636769
-87.61205794	41.82597292
-87.61212793	41.82572274
-87.61225564	41.82526241
-87.61237128	41.82484023
-87.61257695	41.82408939
-87.61262427	41.8238908
-87.61307587	41.82388478
-87.61436404	41.82386899
-87.61514774	41.82385938
-87.61547483	41.82385537
-87.61610923	41.82384759
-87.6167323	41.82383814
-87.61699682	41.82383411
-87.61725855	41.82383012
-87.61770997	41.82382323
-87.61794973	41.82382029
-87.61821436	41.82381705
-87.61855132	41.82381292
-87.61886175	41.82380911
-87.61917761	41.82380523
-87.61998817	41.82379527
-87.62039536	41.82379027
-87.62095332	41.82378341
-87.62160198	41.82377527
-87.62222983	41.82376739
-87.62234637	41.82376592
-87.62240779	41.82376514
-87.62314672	41.82375582
-87.62426776	41.82374167
-87.62432122	41.82374128
-87.62446432	41.82373962
-87.62482271	41.82373573
-87.62497216	41.82373411
-87.62531936	41.82372868
-87.62559795	41.82372485
-87.62574361	41.82372311
-87.62591975	41.82372101
-87.62608003	41.82371874
-87.62642225	41.82371376
-87.62661203	41.82371101
-87.62698709	41.8237081
-87.62722494	41.8237049
-87.62759341	41.82369902
-87.62773449	41.82369678
-87.6280696	41.82369022
-87.62830656	41.82368758
-87.62861793	41.82368504
-87.62876532	41.82368384
-87.6289682	41.82368149
-87.62902443	41.82525935
-87.62903126	41.82545398
-87.62903953	41.82568941
-87.6290456	41.82588558
-87.62909203	41.82733018
-87.62907828	41.82742323
-87.62904768	41.82751006
-87.62898825	41.8275824
-87.62893521	41.82763877
-87.62892313	41.82767939
-87.62893235	41.8278556
-87.62893683	41.8280297
-87.62894162	41.82825495
-87.62894615	41.82848127
-87.62894944	41.82864606
-87.62895136	41.82874005
-87.62895345	41.82884279
-87.62895931	41.82907433
-87.62896232	41.82919032
-87.62896563	41.82931795
-87.62897263	41.82958984
-87.62898034	41.82989077
-87.62898715	41.8301564
-87.62899259	41.83036986
-87.62899941	41.83064139
-87.62900366	41.83083275
-87.62899568	41.83097495
-87.62914495	41.83097286
-87.6292449	41.83097147
-87.62938395	41.8309712
-87.62947679	41.83097101
-87.62953048	41.83097091
-87.62956105	41.83097085
-87.62956551	41.83105963
-87.6295836	41.83175301
-87.6296105	41.83277232
-87.62961561	41.83297646
-87.6296211	41.83320907
-87.62962752	41.83348045
-87.62964438	41.8341601
-87.62964451	41.83416452
-87.62965495	41.8345351
-87.6296569	41.83461359
-87.62965717	41.83462483
-87.6296624	41.83481301
-87.62966277	41.83482638
-87.6296873	41.83581138
-87.62969845	41.83620399
-87.62972206	41.83703485
-87.62973867	41.83756813
-87.62976041	41.83826567
-87.62976267	41.83835303
-87.62978241	41.83909986
-87.62978732	41.83928555
-87.62979313	41.8395089
-87.6298009	41.83980429
-87.62981523	41.84033848
-87.62982945	41.84086398
-87.62984201	41.8413283
-87.62985751	41.84171396
-87.62986099	41.84183508
-87.6298631	41.84190821
-87.6298662	41.84201589
-87.62987554	41.84233716
-87.62988457	41.84278617
-87.62990488	41.84334448
-87.62991425	41.84376221
-87.62992853	41.84427567
-87.62993061	41.84434629
-87.62994473	41.84479973
-87.62996223	41.84541345
-87.62996524	41.84554483
-87.62996524	41.84554484
-87.62978701	41.84554552
-87.62946563	41.84555306
-87.62916818	41.84555661
-87.628727	41.84556187
-87.62846069	41.84556619
-87.62812269	41.84557079
-87.62791754	41.84557358
-87.62765212	41.84557629
-87.62723696	41.84557972
-87.62696087	41.84558511
-87.62675995	41.84558903
-87.62637709	41.84559649
-87.62626462	41.84559832
-87.62619208	41.8455995
-87.62618269	41.84559965
-87.62614382	41.84560028
-87.62613207	41.84560048
-87.62610277	41.84560095
-87.62579736	41.84560626
-87.6255389	41.84561024
-87.6253261	41.8456136
-87.62479326	41.84562202
-87.62446484	41.84562674
-87.62417259	41.84563049
-87.62407958	41.84563172
-87.6236362	41.84563828
-87.62339191	41.8456419
-87.62213773	41.84566047
-87.62048133	41.84568496
-87.6203306	41.84568719
-87.6188642	41.8457102
-87.61783988	41.84572626
-87.61767141	41.8457232
-87.61729852	41.84566818
-87.61720985	41.8456551
-87.61692091	41.84564451
-87.61666118	41.84564438
-87.61661825	41.84564328
-87.61659503	41.84564215
-87.61657183	41.84563904
-87.61655066	41.84563194
-87.61652627	41.84561787
-87.61650393	41.84559688
-87.61647764	41.84557188
-87.61645799	41.84555038
-87.61643789	41.84552605
-87.61625955	41.84523119
-87.6162378	41.84520024
-87.6162175	41.84517805
-87.61619627	41.84515917
-87.61616876	41.84514163
-87.6161394	41.84512805
-87.61610021	41.84511444
-87.61607353	41.84510423
-87.6160352	41.84509598
-87.6160084	41.84509312
-87.61596181	41.84509217
-87.61511264	41.84510687
-87.61499271	41.84510993
-87.61500079	41.84516622
-87.61400069	41.84516647
-87.6135011	41.84516643
-87.61240099	41.84516639
-87.61192963	41.84522518
-87.61158089	41.84526623
-87.6114106	41.84526655
-87.61112256	41.84526644
-87.61091655	41.84526645
-87.60940615	41.8452665
-87.60940949	41.84521773
-87.60937658	41.84515338
-87.60914088	41.8446925