-87.62879824	41.80189303
-87.6287942	41.8017591
-87.62879454	41.80160233
-87.6287948	41.80149428
-87.62882429	41.80127217
-87.62884484	41.8010284
-87.62884901	41.80089807
-87.62884198	41.80057798
-87.62883244	41.80031824
-87.628817	41.79959366
-87.62880937	41.79936961
-87.62868513	41.79937022
-87.62868321	41.79928058
-87.62867997	41.79912938
-87.62866037	41.7984497
-87.62865751	41.79833443
-87.62865532	41.79824061
-87.62865321	41.79814093
-87.62864917	41.79796561
-87.62861133	41.79652395
-87.62858277	41.79561576
-87.62855837	41.79470519
-87.62855541	41.79459928
-87.62862832	41.79459764
-87.62888586	41.79459182
-87.62934093	41.79458415
-87.62956593	41.7945831
-87.62972176	41.79458237
-87.62984094	41.79458219
-87.63020466	41.79458165
-87.630388	41.79457712
-87.63051326	41.79456321
-87.63067188	41.79454862
-87.63076859	41.7945461
-87.6308785	41.79454323
-87.63096658	41.79454094
-87.63116502	41.79453576
-87.63139708	41.79453467
-87.63156779	41.79453386
-87.6316631	41.79453341
-87.63178164	41.79453285
-87.6320409	41.79453163
-87.63214028	41.79453116
-87.63234348	41.79452775
-87.63268375	41.79452204
-87.63299844	41.79451456
-87.6331945	41.7945099
-87.63356572	41.79450771
-87.63363126	41.79450695
-87.63381153	41.79450472
-87.63402814	41.79450224
-87.63421212	41.79449893
-87.63513648	41.79448231
-87.63536213	41.79447791
-87.63540431	41.79447709
-87.63541047	41.79447696
-87.6354575	41.79447605
-87.63545876	41.79452881
-87.63546089	41.79458611
-87.63546859	41.79480604
-87.63547026	41.79486265
-87.6354735	41.79497969
-87.63547356	41.7949817
-87.63547941	41.795203
-87.635485	41.79540576
-87.63549119	41.7955955
-87.63549365	41.79566515
-87.63550115	41.79607169
-87.63550551	41.79621957
-87.6355073	41.79626623
-87.63551386	41.79646386
-87.63551317	41.79661205
-87.63550545	41.79669021
-87.63550079	41.79695055
-87.63549168	41.79715666
-87.63549541	41.79765751
-87.63551175	41.79830663
-87.63552517	41.79867513
-87.63553118	41.79883983
-87.63553915	41.79916164
-87.63556416	41.79972918
-87.63556664	41.79979643
-87.63557708	41.80010179
-87.63559567	41.8005012
-87.63560235	41.800646
-87.63563364	41.80088906
-87.63568358	41.80118746
-87.6356993	41.80147193
-87.635705	41.80166441
-87.63570849	41.80176526
-87.63570849	41.80176528
-87.63571177	41.80188605
-87.63571705	41.80207544
-87.63572557	41.80238902
-87.63573061	41.8027266
-87.63575089	41.80339289
-87.63576323	41.80390375
-87.63578605	41.80471688
-87.63579797	41.80518211
-87.63580741	41.80553755
-87.63581925	41.80600929
-87.63583922	41.80661967
-87.63585101	41.80705506
-87.63585956	41.80732302
-87.63587012	41.80766029
-87.63587829	41.80796358
-87.6358954	41.80837258
-87.63590686	41.8088378
-87.63591449	41.80889514
-87.63591792	41.80904429
-87.63582301	41.80904621
-87.63577435	41.8090472
-87.63582148	41.80942243
-87.63582519	41.80948423
-87.63582989	41.80960533
-87.63583112	41.80968265
-87.63583295	41.8097975
-87.63583303	41.80980233
-87.63583404	41.80980232
-87.63583417	41.80980232
-87.63583425	41.80980231
-87.6358522	41.8105121
-87.63586155	41.81091841
-87.636248	41.81091094
-87.6363796	41.81090839
-87.63629616	41.81124587
-87.63627014	41.81136234
-87.63624594	41.81147917
-87.63622496	41.81159636
-87.6362058	41.81171356
-87.63620032	41.81175435
-87.6361894	41.81183112
-87.63617574	41.8119487
-87.63616004	41.81221309
-87.63615801	41.81240037
-87.6361553	41.81260789
-87.63615646	41.81266969
-87.63620539	41.81475422
-87.6362229	41.81542324
-87.63622193	41.81551208
-87.6362196	41.81560057
-87.63621589	41.81568905
-87.63621125	41.81577787
-87.63616198	41.8163467
-87.6360886	41.81634802
-87.63599732	41.81634967
-87.63599578	41.8163497
-87.63597447	41.81635008
-87.63583314	41.81635157
-87.63571575	41.81635268
-87.6358224	41.81725664
-87.63588787	41.8181538
-87.63603555	41.81815202
-87.63603637	41.81820377
-87.63603697	41.81823762
-87.63603779	41.81828371
-87.63604863	41.8186371
-87.63605623	41.81895102
-87.63605751	41.81900283
-87.63605739	41.81900426
-87.6360534	41.81905202
-87.63603338	41.81905246
-87.63606627	41.81974408
-87.63606977	41.81981761
-87.63607014	41.81982552
-87.63607619	41.81995265
-87.63607677	41.81996496
-87.63608156	41.82027242
-87.6361052	41.82179094
-87.63607724	41.82179134
-87.6360869	41.82212701
-87.6360933	41.82250954
-87.63609887	41.82288313
-87.63611352	41.82339331
-87.63611788	41.82358578
-87.63608709	41.82358646
-87.63603945	41.82358752
-87.63573974	41.82359419
-87.63545371	41.82359777
-87.63510829	41.82360138
-87.63476387	41.82360302
-87.63447029	41.82360629
-87.63409378	41.82361124
-87.63396392	41.82361329
-87.63376316	41.82361592
-87.63349471	41.82361924
-87.633417	41.82362012
-87.63323653	41.82362269
-87.63291061	41.82362733
-87.63270489	41.82363122
-87.63265352	41.82363129
-87.63265349	41.8236313
-87.63254637	41.8236307
-87.63214403	41.82362844
-87.6317987	41.82363706
-87.63161506	41.82364113
-87.63133938	41.82364552
-87.63101651	41.82365066
-87.63089981	41.82365252
-87.63064546	41.82365657
-87.63044774	41.82365969
-87.63029645	41.82366185
-87.63003252	41.82366563
-87.62992376	41.82366719
-87.62984938	41.82366825
-87.62964086	41.82367186
-87.62946599	41.82367488
-87.62938412	41.82367606
-87.62935652	41.82367646
-87.62935396	41.82357574
-87.62935304	41.82353492
-87.6293504	41.82335686
-87.62936279	41.82327221
-87.62935664	41.82320631
-87.62935088	41.82314522
-87.62933937	41.8230244
-87.6293329	41.82269402
-87.62932396	41.8223794
-87.62931444	41.8220761
-87.62931154	41.82192275
-87.62931004	41.82184967
-87.6293018	41.82155598
-87.62929101	41.82115903
-87.62927752	41.82075828
-87.62927512	41.82060047
-87.62927309	41.82049206
-87.62927104	41.82038639
-87.62926611	41.82016716
-87.62926152	41.82004124
-87.62925943	41.81993969
-87.62925898	41.81989681
-87.62925514	41.81978701
-87.62919497	41.81946111
-87.62919218	41.81925493
-87.62919071	41.81916081
-87.62918785	41.81906383
-87.62918254	41.81887924
-87.62917071	41.81845175
-87.6291585	41.81801774
-87.62914725	41.81757962
-87.62913751	41.81717134
-87.62912559	41.81671092
-87.62912361	41.81659805
-87.6291219	41.81654521
-87.62911882	41.81645051
-87.62911881	41.81645025
-87.62911569	41.81635822
-87.6290936	41.81565418
-87.62906844	41.81472783
-87.62906576	41.81463726
-87.62906576	41.81463725
-87.62906356	41.81454531
-87.62906217	41.81450482
-87.62904526	41.81391367
-87.62902609	41.81323606
-87.62902279	41.81311838
-87.62901979	41.81301042
-87.6290172	41.81291733
-87.62899826	41.81221845
-87.62899604	41.81212856
-87.62899604	41.81212851
-87.62899376	41.81204382
-87.62897295	41.81126431
-87.62897175	41.81120633
-87.6289733	41.81114871
-87.62897715	41.81109077
-87.62898328	41.81103317
-87.62899069	41.81098416
-87.62899628	41.8109348
-87.62900049	41.81088543
-87.62900332	41.81083605
-87.62900432	41.81078666
-87.62900441	41.81073692
-87.62900271	41.81068271
-87.62900622	41.81061275
-87.62901066	41.8105428
-87.62901692	41.8104732
-87.6290241	41.81040361
-87.62903212	41.81034123
-87.62903786	41.81027849
-87.62904083	41.81021607
-87.62904152	41.8101533
-87.62903528	41.80992755
-87.62901812	41.80927533
-87.62901592	41.80918373
-87.62901591	41.8091836
-87.62901287	41.80908492
-87.62900916	41.80896312
-87.62899232	41.80882649
-87.62897918	41.80847754
-87.62898264	41.80837122
-87.62898122	41.80833314
-87.62896623	41.80785966
-87.62896631	41.8077691
-87.62899002	41.8076135
-87.62901711	41.80740099
-87.62902478	41.80724461
-87.6290206	41.80708233
-87.62901098	41.80670459
-87.62899716	41.80624998
-87.62898823	41.80597687
-87.62897771	41.80563995
-87.62896763	41.80513665
-87.62896479	41.80501932
-87.628956	41.80465016
-87.62893973	41.80416775
-87.62893259	41.80381507
-87.62892825	41.80362535
-87.62892101	41.80336562
-87.62891496	41.80329012
-87.62891067	41.80322114
-87.6288965	41.80313427
-87.62884605	41.80288457
-87.6288301	41.80275069
-87.62882185	41.8026666
-87.62880808	41.80224938
-87.62879824	41.80189303