-87.6094858	41.88939911
-87.60948553	41.88938999
-87.60769031	41.88937164
-87.607687	41.88937197
-87.60767569	41.88937165
-87.60766485	41.88936917
-87.60765524	41.88936469
-87.60764748	41.88935855
-87.6076421	41.88935111
-87.60763666	41.88928332
-87.60763903	41.88927812
-87.60764252	41.88927348
-87.60764526	41.88926984
-87.60765386	41.88926285
-87.60766438	41.88925751
-87.60770688	41.88925723
-87.60768556	41.88923863
-87.60767135	41.88922624
-87.60765313	41.88867448
-87.60756572	41.88867524
-87.60751404	41.88864034
-87.6059101	41.88866446
-87.60566894	41.88866582
-87.60546364	41.88867204
-87.60544897	41.8886724
-87.60543833	41.88867267
-87.60543347	41.88870936
-87.60524031	41.88871414
-87.60521941	41.88871467
-87.60519851	41.88871519
-87.60514628	41.88867653
-87.60474437	41.8886815
-87.60473806	41.88868129
-87.60471776	41.88867694
-87.60469986	41.88866862
-87.60468571	41.88865692
-87.60467639	41.88864278
-87.60467264	41.88862728
-87.60467473	41.88861157
-87.6046825	41.88859694
-87.60469535	41.88858442
-87.60471231	41.88857504
-87.60473206	41.88856951
-87.60473416	41.88856917
-87.60490934	41.8885658
-87.60513424	41.88855971
-87.60521385	41.88845374
-87.60512956	41.8883475
-87.6044047	41.88835802
-87.60374142	41.88836967
-87.60288759	41.88838153
-87.60252378	41.88838597
-87.60251618	41.88838515
-87.60249641	41.88838006
-87.60247932	41.88837108
-87.60246621	41.8883589
-87.60245814	41.88834449
-87.60245571	41.888329
-87.60245916	41.88831357
-87.60246813	41.8882995
-87.60248204	41.88828781
-87.60249969	41.88827944
-87.60251975	41.88827507
-87.60252402	41.88827472
-87.60291972	41.88826626
-87.60384059	41.88825227
-87.6047759	41.88823694
-87.60513616	41.8882294
-87.60518428	41.88819241
-87.60524625	41.88819143
-87.60541301	41.88818876
-87.60541108	41.88822362
-87.60584023	41.88821871
-87.60598726	41.88821704
-87.60750595	41.88818965
-87.60755831	41.8881553
-87.60780657	41.88814888
-87.60781039	41.88818485
-87.60837336	41.88812579
-87.60846628	41.88811603
-87.60984644	41.88797042
-87.60984617	41.88793587
-87.60985024	41.88790104
-87.6098575	41.88786286
-87.60985957	41.88785871
-87.60986893	41.88783626
-87.6098754	41.88781325
-87.609879	41.88778992
-87.60987967	41.88776641
-87.60988058	41.88772497
-87.60988102	41.88770492
-87.6098836	41.8875877
-87.60988126	41.88731337
-87.60987994	41.88715949
-87.6098791	41.8871529
-87.60988024	41.88714303
-87.60988428	41.88713356
-87.60989098	41.88712501
-87.60990003	41.88711774
-87.609911	41.88711216
-87.6099233	41.8871085
-87.60993643	41.88710694
-87.60993849	41.88708769
-87.6099394	41.88690218
-87.60994033	41.88670965
-87.60994518	41.88649053
-87.60995333	41.88612365
-87.60995361	41.88607897
-87.60995631	41.88566738
-87.60995694	41.885572
-87.60995752	41.88526399
-87.60995823	41.8852557
-87.60996492	41.88518044
-87.60996803	41.88513258
-87.60996791	41.88513021
-87.60996764	41.88512525
-87.60996643	41.88507244
-87.60996813	41.88501962
-87.6099728	41.88496691
-87.60997716	41.88484427
-87.60997878	41.88479872
-87.60997878	41.8847954
-87.60997695	41.88478189
-87.60997221	41.88476877
-87.60997108	41.88474231
-87.60997203	41.88468694
-87.60997666	41.8846317
-87.60996751	41.88463161
-87.60996885	41.88449336
-87.60997605	41.88449061
-87.60997686	41.88444808
-87.60997703	41.88443258
-87.60997783	41.88435832
-87.60996958	41.88435728
-87.60997452	41.88421599
-87.60998246	41.88421494
-87.60998589	41.88408033
-87.61159598	41.88406993
-87.61273611	41.88405851
-87.61273631	41.88404073
-87.61273867	41.88380806
-87.61274177	41.88377375
-87.61274875	41.88372432
-87.61275859	41.88367515
-87.6127706	41.88362931
-87.61277137	41.88362635
-87.61278701	41.88357804
-87.6128055	41.8835303
-87.61282678	41.8834832
-87.61285084	41.88343687
-87.61287757	41.88339134
-87.61290701	41.88334677
-87.61293652	41.88331218
-87.6129834	41.88326058
-87.61299439	41.88324937
-87.61302364	41.88321951
-87.61303274	41.88321021
-87.61308441	41.88316119
-87.61313834	41.88311356
-87.61319449	41.88306737
-87.61325276	41.88302267
-87.6133131	41.88297956
-87.61337544	41.88293801
-87.61343971	41.88289819
-87.6135058	41.88286004
-87.61357363	41.88282367
-87.6135973	41.88281191
-87.61364317	41.88278909
-87.61371426	41.88275636
-87.61378688	41.88272553
-87.61386087	41.88269663
-87.61391817	41.88267741
-87.61397687	41.88265773
-87.61409514	41.8826229
-87.61421545	41.88259218
-87.61433752	41.88256564
-87.61446112	41.88254333
-87.61449099	41.88253902
-87.61458596	41.88252534
-87.61466847	41.88251587
-87.61487691	41.88250551
-87.61499583	41.88250159
-87.61517763	41.88249922
-87.61546152	41.88249015
-87.61554521	41.88248316
-87.61562804	41.88247182
-87.61570959	41.88245619
-87.61578954	41.88243633
-87.6158674	41.88241239
-87.61592577	41.88239119
-87.61598411	41.88236621
-87.61599521	41.88236146
-87.61606154	41.88232798
-87.61612441	41.88229097
-87.61618347	41.88225062
-87.61623846	41.88220713
-87.61628899	41.88216077
-87.61633485	41.88211174
-87.61634833	41.88209531
-87.61636132	41.88207947
-87.61639938	41.88202252
-87.6164321	41.88196375
-87.61645932	41.88190341
-87.6164809	41.88184183
-87.61649677	41.88177927
-87.61650554	41.88172669
-87.6165044	41.88168138
-87.61649766	41.88141377
-87.61575365	41.88141654
-87.6157486	41.88128045
-87.61573379	41.88088104
-87.61573333	41.88086896
-87.61572213	41.88056749
-87.61629384	41.88055405
-87.61637014	41.88055211
-87.61644641	41.88055453
-87.61647768	41.88055681
-87.6164749	41.8804467
-87.61646456	41.88003516
-87.61645808	41.87977746
-87.61637227	41.87977976
-87.6163693	41.87962482
-87.61636142	41.87921317
-87.61635353	41.8788017
-87.61634782	41.87850463
-87.61634598	41.8783901
-87.61634112	41.87808916
-87.61633879	41.87797845
-87.61633562	41.87782576
-87.61632064	41.8778252
-87.61630711	41.8778204
-87.61630467	41.87781893
-87.61628295	41.87756756
-87.61627017	41.87741995
-87.61625123	41.87715635
-87.61624151	41.87702073
-87.61623372	41.87688406
-87.61622579	41.87674494
-87.61621873	41.8766213
-87.61620709	41.87636189
-87.61620586	41.87633362
-87.61619209	41.8760149
-87.61618964	41.87592213
-87.61618298	41.87566778
-87.6161815	41.87551053
-87.61617973	41.87532061
-87.61618141	41.87509883
-87.61618233	41.87497345
-87.61618935	41.87468703
-87.61619084	41.87462633
-87.61619745	41.87446618
-87.61620534	41.87427502
-87.61620547	41.87427197
-87.61620554	41.87427039
-87.61621078	41.87417844
-87.61621961	41.87402346
-87.61622195	41.87398212
-87.61622377	41.87395019
-87.61622391	41.87395018
-87.61623882	41.87394872
-87.61624505	41.87394812
-87.6162452	41.8739481
-87.61624207	41.87386293
-87.61623855	41.87376733
-87.6162318	41.87345145
-87.61622891	41.87331626
-87.61622882	41.87331207
-87.61622849	41.87329674
-87.616223	41.87303989
-87.6162142	41.87262834
-87.61621222	41.87253606
-87.61621017	41.8724405
-87.61620602	41.87226657
-87.61620599	41.87226543
-87.61620499	41.87221684
-87.61620001	41.87196993
-87.61628092	41.87196739
-87.61627441	41.87180404
-87.61627386	41.87179041
-87.61627346	41.87178065
-87.61625405	41.87175704
-87.61624847	41.87174695
-87.6162399	41.87173146
-87.61623374	41.87171435
-87.61623374	41.87171427
-87.61623374	41.87171402
-87.61623438	41.871628
-87.61624453	41.8716101
-87.61624955	41.87160125
-87.6162563	41.87159242
-87.61625949	41.87158825
-87.61626137	41.87158383
-87.61626647	41.8715718
-87.61626681	41.87156813
-87.61626785	41.87155674
-87.61626414	41.87139259
-87.61625483	41.87098092
-87.61625246	41.87087648
-87.61625047	41.87078912
-87.61624969	41.87075555
-87.61624537	41.87056936
-87.61624055	41.87036171
-87.61623583	41.8701578
-87.6162278	41.86981167
-87.61622666	41.86974627
-87.61621951	41.86933467
-87.6162194	41.86932827
-87.61621233	41.8689231
-87.61621205	41.868907
-87.6162119	41.86889872
-87.6162119	41.8688987
-87.6161201	41.86886681
-87.61611989	41.86886673
-87.61603052	41.86883086
-87.61594406	41.86879116
-87.61590593	41.8687713
-87.6158608	41.8687478
-87.61578107	41.86870089
-87.61570508	41.86865064
-87.61563313	41.86859717
-87.61563139	41.86859572
-87.6155654	41.86854068
-87.61554899	41.86852528
-87.61554425	41.86852085
-87.61552787	41.86850547
-87.61550218	41.86848137
-87.61544369	41.86841939
-87.61543271	41.86840622
-87.61539004	41.86835501
-87.61535264	41.86830452
-87.61535246	41.86830428
-87.61660247	41.8681662
-87.6185414	41.86798988
-87.61858877	41.86793887
-87.61883837	41.86765003
-87.61889093	41.86758724
-87.61896156	41.86750286
-87.61921454	41.86753746
-87.61994543	41.86752177
-87.62040042	41.86751255
-87.62083869	41.86750708
-87.62086219	41.86750671
-87.6209931	41.86750462
-87.62124471	41.86750061
-87.62158134	41.86749581
-87.62184922	41.867492
-87.62243567	41.86748551
-87.62253199	41.86748447
-87.62255587	41.86748422
-87.62283265	41.86748123
-87.62317851	41.86747662
-87.62336549	41.86747191
-87.62353645	41.8674676
-87.62402371	41.86745712
-87.62413151	41.86745659
-87.62442668	41.86745511
-87.62481165	41.8674485
-87.62535905	41.86743839
-87.62563876	41.86743337
-87.62582986	41.86743186
-87.62630609	41.86742808
-87.62654636	41.86742514
-87.62666775	41.86742366
-87.62702183	41.86741911
-87.62741868	41.86741359
-87.62776526	41.86740885
-87.62791651	41.86740678
-87.62835789	41.86740057
-87.62847483	41.86739872
-87.62850166	41.8673983
-87.62886489	41.86739254
-87.62945102	41.86738627
-87.62994146	41.86738131
-87.6304352	41.86737399
-87.63057968	41.86737184
-87.63152871	41.86735424
-87.63158335	41.86735323
-87.63175476	41.86735005
-87.63302056	41.86733388
-87.63340052	41.86732448
-87.63361874	41.86731908
-87.63362818	41.86731906
-87.63445665	41.86731749
-87.63473402	41.86731466
-87.63473938	41.86736395
-87.63481347	41.86801812
-87.63496254	41.86897847
-87.63497354	41.86907666
-87.63497943	41.86912923
-87.63505744	41.86982561
-87.63507013	41.86993887
-87.6351796	41.87060743
-87.63525902	41.87102232
-87.63543954	41.87196538
-87.63547254	41.87210501
-87.63553803	41.87238212
-87.6357155	41.87325642
-87.63572612	41.87330874
-87.63575748	41.87346323
-87.6358689	41.87397132
-87.63593102	41.87414486
-87.6360083	41.87444829
-87.63606557	41.87467312
-87.63612128	41.87480038
-87.63623472	41.87506534
-87.63629354	41.87520107
-87.63634907	41.87527742
-87.63656577	41.87548779
-87.63664309	41.87556199
-87.63677667	41.87569019
-87.63682713	41.87573861
-87.63706635	41.87603295
-87.63720086	41.87625175
-87.63733008	41.87647061
-87.63742892	41.87668826
-87.63746983	41.87679852
-87.63751611	41.87692328
-87.63765933	41.87730798
-87.63771808	41.87765299
-87.63775277	41.87795635
-87.63776548	41.87806748
-87.63777034	41.87810998
-87.63786257	41.87843534
-87.63795372	41.87869986
-87.63797564	41.87876347
-87.63809665	41.87907332
-87.6381142	41.8791822
-87.63811371	41.8793349
-87.63811347	41.87940865
-87.63819881	41.87977432
-87.63823374	41.87999363
-87.63827806	41.88037041
-87.63828613	41.88060405
-87.6382891	41.88069002
-87.6382862	41.88101975
-87.63827233	41.88130885
-87.63826984	41.88139267
-87.63826145	41.88155025
-87.63822362	41.88176097
-87.63821663	41.88189841
-87.63823174	41.88211684
-87.63822231	41.88226456
-87.63819006	41.88264521
-87.63818248	41.88276797
-87.63815967	41.88291119
-87.63815398	41.88301945
-87.63813891	41.88319042
-87.63808142	41.8833819
-87.63806574	41.8834761
-87.63805001	41.88356237
-87.63803205	41.88366102
-87.63799709	41.88385406
-87.63797084	41.88399534
-87.63794314	41.88414561
-87.63791749	41.8842962
-87.63790554	41.88445721
-87.63788147	41.8847122
-87.63783734	41.88499558
-87.63780401	41.88525794
-87.63776122	41.8855803
-87.63773288	41.88572214
-87.63765316	41.88606966
-87.63758839	41.88623414
-87.6374397	41.88641963
-87.63727049	41.88655661
-87.63708682	41.88667594
-87.63684403	41.88680775
-87.63597547	41.88734318
-87.63583722	41.88740862
-87.63579692	41.88742769
-87.63561909	41.88745205
-87.6352035	41.88746566
-87.63483998	41.88746762
-87.6342657	41.88751898
-87.63414132	41.88752127
-87.63397065	41.88752779
-87.63377408	41.88753413
-87.63337191	41.88747635
-87.63279822	41.88747335
-87.63272879	41.88748132
-87.63249901	41.88748065
-87.63223001	41.88747987
-87.6317093	41.88746649
-87.63125527	41.88745481
-87.63102104	41.88744317
-87.63078467	41.88743141
-87.63006788	41.88742118
-87.62965675	41.88742061
-87.62953703	41.88742023
-87.62928433	41.88741942
-87.62898509	41.88742642
-87.62879231	41.88744077
-87.6282379	41.88744854
-87.6280021	41.88747256
-87.62761677	41.88751182
-87.6275043	41.88755559
-87.62743073	41.88758422
-87.62726496	41.88765974
-87.62703826	41.88781172
-87.62691278	41.88788346
-87.62686093	41.88791617
-87.6268175	41.88794356
-87.62659753	41.8880915
-87.62635599	41.88824487
-87.62606836	41.88844077
-87.62598715	41.88850531
-87.62566446	41.88867667
-87.62529216	41.88883796
-87.62519043	41.88887027
-87.62509444	41.8889054
-87.62496824	41.88890284
-87.62473021	41.88889424
-87.6246327	41.88888153
-87.624514	41.88888165
-87.62444186	41.88887212
-87.62437192	41.88885731
-87.62418746	41.88882269
-87.62403205	41.88881833
-87.62385809	41.88889333
-87.62360708	41.88890517
-87.62331816	41.88888225
-87.62271369	41.88883592
-87.62231739	41.88878872
-87.62120027	41.88865564
-87.62063764	41.88859644
-87.62058174	41.88859056
-87.62054535	41.88858673
-87.62046452	41.88857823
-87.61940299	41.88846654
-87.61908448	41.88843303
-87.61819991	41.8883309
-87.6180983	41.88831652
-87.61801184	41.88831104
-87.61762654	41.88831908
-87.61725532	41.8883283
-87.61707532	41.88834159
-87.61692168	41.88835292
-87.61584972	41.88839074
-87.61531893	41.88841981
-87.61526597	41.88842272
-87.61455103	41.88841427
-87.61442515	41.88841164
-87.61417136	41.88841005
-87.61417131	41.88841005
-87.61397431	41.88840881
-87.61321579	41.88905999
-87.61254945	41.88963203
-87.61255426	41.88973462
-87.6125558	41.88980221
-87.61256048	41.88991613
-87.61256818	41.89000708
-87.61257778	41.89009255
-87.61259126	41.89015918
-87.61264396	41.89020891
-87.61266823	41.89021664
-87.61270663	41.89022886
-87.61362622	41.89022468
-87.61371744	41.8902242
-87.61388056	41.89022353
-87.61407211	41.89022267
-87.61422719	41.89022192
-87.61422737	41.89022192
-87.61441451	41.89022104
-87.61538975	41.89020759
-87.61732369	41.89018227
-87.61764166	41.89017705
-87.61771582	41.89017614
-87.61857948	41.89016265
-87.61867501	41.89016085
-87.61960428	41.89017931
-87.61987214	41.89017481
-87.61987213	41.89046501
-87.61961384	41.89046477
-87.6186752	41.89043184
-87.61858865	41.89043198
-87.61795214	41.89043214
-87.61785186	41.89053202
-87.61765276	41.89053215
-87.61733247	41.89050623
-87.61733246	41.89050683
-87.61714895	41.89051027
-87.61703032	41.89051249
-87.61702635	41.8904569
-87.61678255	41.89045881
-87.61651311	41.89049623
-87.61651283	41.89047231
-87.6165124	41.89043688
-87.6160647	41.89044507
-87.61606314	41.89050268
-87.61585763	41.89050749
-87.6157968	41.89050891
-87.61555613	41.89047791
-87.61555179	41.89053722
-87.61441121	41.89055616
-87.61440557	41.89040347
-87.61423159	41.89040787
-87.61423153	41.89040788
-87.6136399	41.89045
-87.61362029	41.89045139
-87.61356976	41.89056156
-87.61355929	41.89058438
-87.61143664	41.89063034
-87.61136732	41.88974074
-87.61123334	41.88931014
-87.60954752	41.88931435
-87.60956634	41.88940338
-87.6094858	41.88939911