-87.63515816	41.8577221
-87.6353212	41.85722519
-87.63549374	41.85693838
-87.6361611	41.85629188
-87.63697884	41.85567342
-87.63747872	41.85532981
-87.63844034	41.8548837
-87.63870709	41.85474422
-87.6390444	41.85456783
-87.63939398	41.85428497
-87.63964787	41.85394972
-87.63987238	41.85358684
-87.63990974	41.85353652
-87.64034169	41.85298621
-87.64048979	41.85276508
-87.64049054	41.85276395
-87.64049058	41.85276389
-87.64052177	41.85271732
-87.64075366	41.85237107
-87.64114753	41.85179304
-87.64159395	41.8512193
-87.64189335	41.85081704
-87.64191935	41.85078212
-87.64218185	41.85045469
-87.64238025	41.8502691
-87.64264004	41.85002383
-87.64331568	41.84969301
-87.6433169	41.84969266
-87.64331691	41.84969267
-87.64399883	41.84950524
-87.64414539	41.84949081
-87.64434225	41.84947144
-87.6445298	41.84945298
-87.64488928	41.8494176
-87.64585035	41.8493843
-87.64647378	41.84927095
-87.64679998	41.84921163
-87.6475927	41.84894351
-87.64813686	41.84877338
-87.64864375	41.8486149
-87.64895526	41.84854636
-87.64914153	41.84850538
-87.64914161	41.84850536
-87.6492045	41.84849152
-87.64926344	41.84847856
-87.64963716	41.84839633
-87.64975089	41.84838881
-87.65100295	41.84830594
-87.65140676	41.8482148
-87.65143621	41.84820815
-87.65157843	41.84817606
-87.65189016	41.84812297
-87.65258344	41.84800488
-87.65311726	41.84794972
-87.65729114	41.84720405
-87.65750461	41.8471661
-87.65860463	41.84726485
-87.66072033	41.84571609
-87.66077327	41.84583891
-87.6607786	41.84583587
-87.6616382	41.84534637
-87.66213066	41.84510369
-87.66252443	41.84490964
-87.66288401	41.84475195
-87.6634507	41.84450344
-87.66360685	41.84440599
-87.66377768	41.84429157
-87.66388769	41.84409602
-87.66391878	41.84400062
-87.6639464	41.84391589
-87.66430961	41.84280146
-87.66447319	41.84252486
-87.66459406	41.84232049
-87.66495178	41.84171561
-87.66496897	41.84161887
-87.66493765	41.84152181
-87.66484348	41.84124283
-87.66464719	41.84088953
-87.66457356	41.84075701
-87.6645422	41.84065998
-87.66452845	41.84042988
-87.66455748	41.84001193
-87.66456364	41.83992312
-87.66456524	41.83990009
-87.66456648	41.83988223
-87.66453756	41.8395552
-87.66441082	41.83930023
-87.66438443	41.83925086
-87.66428512	41.83906503
-87.66461628	41.8388745
-87.66508981	41.83860782
-87.66539165	41.83842648
-87.66576433	41.83822073
-87.66614347	41.8380267
-87.66650632	41.83786127
-87.66683367	41.83772345
-87.66698374	41.83766026
-87.66753557	41.83749461
-87.66762727	41.83746709
-87.66808185	41.83735997
-87.66824256	41.8373221
-87.66877889	41.8372285
-87.66893497	41.83721162
-87.66897548	41.83720724
-87.66901699	41.83720275
-87.66926401	41.83717604
-87.669569	41.83716285
-87.66963038	41.8371602
-87.67004372	41.83714233
-87.67056113	41.83713617
-87.67056172	41.83726964
-87.67056206	41.83734707
-87.67087736	41.83734408
-87.6724695	41.83731267
-87.67303338	41.837302
-87.67384122	41.83728672
-87.67458465	41.83727265
-87.67528025	41.83725622
-87.67544192	41.8372524
-87.6756296	41.83724797
-87.67607932	41.83723735
-87.67675801	41.83722131
-87.67742937	41.83720782
-87.67784071	41.83719954
-87.67788144	41.83719872
-87.67813361	41.83719332
-87.67813361	41.83719331
-87.67813363	41.83719331
-87.67816732	41.83719259
-87.67872932	41.83718054
-87.67908246	41.83716498
-87.6792177	41.83715198
-87.6794525	41.83712941
-87.67966143	41.83710203
-87.67985338	41.83707208
-87.68013231	41.83702855
-87.68026587	41.83700213
-87.68045208	41.83696528
-87.6808012	41.83686963
-87.68143776	41.83668069
-87.68254732	41.83633713
-87.68274845	41.83627519
-87.68374053	41.83596963
-87.68457795	41.83570744
-87.68499498	41.8355731
-87.68522098	41.83550029
-87.68602947	41.83523983
-87.68684625	41.83497525
-87.68739943	41.834801
-87.68739948	41.83480098
-87.68745791	41.8349131
-87.68748711	41.83588577
-87.68750279	41.83642579
-87.68751312	41.8368121
-87.68748942	41.83701852
-87.68749569	41.83770585
-87.68749667	41.83781378
-87.68749937	41.83811057
-87.6875001	41.83819069
-87.68750011	41.83819126
-87.68750164	41.83835937
-87.68750175	41.83837158
-87.68750178	41.83837476
-87.6875025	41.83845369
-87.68751534	41.83986319
-87.6875179	41.84014417
-87.68751941	41.84030987
-87.68752279	41.84068094
-87.68752973	41.84144238
-87.6875322	41.84171428
-87.6875354	41.84206566
-87.68754592	41.84321956
-87.68755163	41.84384677
-87.68755924	41.84468205
-87.68756027	41.84479498
-87.68762853	41.84585125
-87.68766838	41.84646793
-87.68767404	41.84655546
-87.68768023	41.84665121
-87.68769524	41.84688351
-87.68776014	41.84788765
-87.68779117	41.84836786
-87.6878004	41.84876989
-87.68781787	41.84953116
-87.68783068	41.85008942
-87.68783284	41.85018354
-87.68787474	41.85200933
-87.68786669	41.85200936
-87.68788229	41.85233829
-87.68788836	41.85246612
-87.68789996	41.85290904
-87.68791118	41.85334475
-87.68793237	41.8538575
-87.68792987	41.85395065
-87.68795125	41.85433394
-87.6879536	41.85442005
-87.68796642	41.85478786
-87.68797283	41.85497107
-87.68797582	41.85508429
-87.68797895	41.85569223
-87.68799301	41.85579412
-87.68799468	41.85585553
-87.68800248	41.85617528
-87.68801823	41.85689094
-87.68803385	41.85696976
-87.68796221	41.85698564
-87.68802267	41.8570882
-87.68802973	41.85743539
-87.68804391	41.8581699
-87.68804919	41.85837541
-87.68805827	41.85875039
-87.68807037	41.85923551
-87.688073	41.85933843
-87.68790351	41.85933929
-87.68742052	41.85934176
-87.68583388	41.8593659
-87.68583053	41.85923767
-87.68581099	41.85841523
-87.68482201	41.85860696
-87.68151611	41.8588664
-87.68131584	41.85888212
-87.68120421	41.85888864
-87.68116867	41.85889071
-87.68106195	41.85889695
-87.67857068	41.85904247
-87.67785221	41.85912139
-87.67604609	41.85941948
-87.67501897	41.8594927
-87.67464769	41.85951916
-87.67455378	41.85952585
-87.674459	41.8595326
-87.67427259	41.85954588
-87.67418101	41.85954199
-87.67359924	41.85951724
-87.67351077	41.8595167
-87.67307915	41.85951329
-87.67237361	41.85952197
-87.67204554	41.859526
-87.67134343	41.85953428
-87.67114344	41.85954172
-87.67100363	41.85954692
-87.67061162	41.85955323
-87.66981204	41.85956608
-87.66920079	41.8595734
-87.66896288	41.85957643
-87.66870605	41.8595781
-87.66858031	41.85957891
-87.66688444	41.85959888
-87.66642456	41.85960429
-87.66619827	41.85960733
-87.66590719	41.85961131
-87.6658277	41.85961265
-87.66400461	41.85964347
-87.66380766	41.85964679
-87.66188575	41.85967914
-87.6613739	41.85968774
-87.66120681	41.85969055
-87.66063335	41.85969972
-87.6603644	41.85970473
-87.65999333	41.85970998
-87.65957143	41.85971682
-87.65922876	41.85972238
-87.65892702	41.85972557
-87.65861895	41.85972884
-87.65831464	41.85973525
-87.65799454	41.85974199
-87.65770471	41.85974654
-87.65709211	41.85975615
-87.65667543	41.85976268
-87.65647916	41.8597653
-87.65628743	41.85976786
-87.65403191	41.85980257
-87.6537203	41.85980737
-87.65343396	41.85981192
-87.65302851	41.85981836
-87.65284333	41.85982049
-87.65263802	41.85982286
-87.65224205	41.85982919
-87.65187236	41.85983511
-87.65139974	41.85984408
-87.65094087	41.85985114
-87.65082217	41.85985296
-87.65048065	41.85985822
-87.65035983	41.85986003
-87.65012025	41.85986311
-87.64979705	41.85986793
-87.64938647	41.85987409
-87.64905328	41.85987883
-87.64878856	41.85988269
-87.64836201	41.8598889
-87.64824218	41.85988986
-87.64767324	41.85989845
-87.64737768	41.85990292
-87.64712701	41.85990439
-87.64670556	41.85991136
-87.64638528	41.85991666
-87.64618591	41.85991997
-87.64580371	41.85992562
-87.64552247	41.85992958
-87.64536798	41.85993157
-87.64522182	41.85993344
-87.64487232	41.85994109
-87.64476399	41.85995287
-87.64464549	41.85995352
-87.64446845	41.85995449
-87.64435282	41.85995513
-87.64422227	41.85995584
-87.64410641	41.85995648
-87.64409797	41.85995653
-87.64405388	41.85995677
-87.64401003	41.85995701
-87.64386012	41.85995783
-87.64335563	41.8599606
-87.64293777	41.85997025
-87.64253443	41.85997471
-87.64227573	41.8599794
-87.64194023	41.85998394
-87.64166781	41.85998764
-87.64150479	41.8599902
-87.64125182	41.85999446
-87.6409475	41.85999413
-87.64051154	41.85999365
-87.64002247	41.86000086
-87.6397367	41.86000593
-87.63901367	41.86001803
-87.63899895	41.85955449
-87.63898544	41.85920144
-87.6389744	41.85884361
-87.63896082	41.85840329
-87.63895625	41.85822878
-87.63894924	41.85803648
-87.63893572	41.85766547
-87.6385319	41.85767185
-87.63799692	41.85767907
-87.63776666	41.8576819
-87.63699229	41.85769918
-87.63690382	41.85770115
-87.63687296	41.85770184
-87.6367367	41.85770488
-87.63663111	41.85770724
-87.63651035	41.85771145
-87.63601569	41.8577287
-87.63515816	41.8577221