-87.78941511	41.9175101
-87.79152186	41.91813172
-87.7925823	41.91851748
-87.79387491	41.91898768
-87.79511247	41.91943634
-87.79511435	41.9194982
-87.79511469	41.91950947
-87.7951156	41.91953824
-87.79538513	41.91963589
-87.79612921	41.91990659
-87.79629268	41.91996636
-87.79633231	41.91998075
-87.79725245	41.9203149
-87.79809318	41.92062
-87.79868572	41.9208351
-87.79881432	41.92088539
-87.79901634	41.92095498
-87.79930804	41.92106062
-87.79951502	41.92113568
-87.79974352	41.92121872
-87.80011123	41.9213525
-87.80050871	41.9214967
-87.8006763	41.92155785
-87.80073172	41.921578
-87.80106875	41.92169997
-87.80137832	41.92181186
-87.80166224	41.92191471
-87.80197956	41.92203246
-87.8022598	41.92213667
-87.80253089	41.92223603
-87.8025309	41.92223603
-87.80271956	41.92230413
-87.80276449	41.92232027
-87.80277085	41.92232255
-87.80300121	41.92240491
-87.80326545	41.92249944
-87.80351737	41.92258499
-87.80378715	41.92267679
-87.80402349	41.92275712
-87.8042892	41.92284136
-87.80438614	41.92287131
-87.80446421	41.92289568
-87.8047327	41.92297684
-87.80500721	41.92305185
-87.80527669	41.92312479
-87.80558697	41.92320717
-87.8057983	41.92325788
-87.80605639	41.92332047
-87.8062298	41.92336824
-87.80623239	41.92346441
-87.80623952	41.9235586
-87.80624203	41.92359215
-87.8062473	41.92376475
-87.80625508	41.92400689
-87.80625508	41.92400689
-87.80625508	41.9240069
-87.80626079	41.92418389
-87.8062674	41.92438504
-87.80626987	41.92449581
-87.80627259	41.92463828
-87.80627967	41.92478708
-87.80628552	41.92490735
-87.80629137	41.92502741
-87.80629636	41.92513073
-87.80630343	41.92532053
-87.80631186	41.9255465
-87.80631507	41.92564312
-87.8063151	41.92564412
-87.80631882	41.92575896
-87.80632328	41.92592662
-87.8063249	41.92598004
-87.80633015	41.92614533
-87.80633296	41.92623367
-87.80633885	41.92641907
-87.80634342	41.92653369
-87.8063475	41.92663683
-87.80635181	41.92675176
-87.8063555	41.92686102
-87.80635882	41.92695851
-87.80636489	41.92713087
-87.80637133	41.92731362
-87.80637459	41.92741703
-87.80637829	41.92752644
-87.80638178	41.92762426
-87.80638657	41.92775213
-87.80639184	41.92789296
-87.80640434	41.92823671
-87.80640938	41.928374
-87.80641394	41.92849457
-87.80641787	41.92859775
-87.80642123	41.92868912
-87.8064222	41.92874082
-87.80642327	41.9287719
-87.80642905	41.92893989
-87.80643543	41.92912476
-87.80643585	41.92913674
-87.80643763	41.92918795
-87.80644276	41.92933765
-87.80644863	41.92950794
-87.80644893	41.92951677
-87.80644908	41.92952099
-87.80645286	41.92962378
-87.80645668	41.92972673
-87.80646092	41.9298416
-87.80646401	41.92993868
-87.8064642	41.92994439
-87.8064644	41.92995021
-87.8064658	41.93002502
-87.80647032	41.93019521
-87.80647032	41.93019521
-87.80647507	41.9303095
-87.80647709	41.93035517
-87.80647996	41.93041229
-87.80649498	41.93081524
-87.80649498	41.93081524
-87.80649498	41.93081524
-87.80650176	41.93099683
-87.80650911	41.93120611
-87.80652648	41.93169961
-87.80655575	41.9325634
-87.80656055	41.93270453
-87.80656774	41.93285731
-87.80656774	41.93285731
-87.80657413	41.93303662
-87.80657413	41.93303662
-87.80657413	41.93303662
-87.80658694	41.93343671
-87.80659053	41.93354858
-87.80659407	41.93365913
-87.806604	41.93394441
-87.80660737	41.93405023
-87.80661431	41.9342685
-87.80661839	41.93437568
-87.80662356	41.93451118
-87.80663689	41.93486053
-87.80664036	41.93495703
-87.80664339	41.93503965
-87.80665211	41.93528903
-87.80665701	41.93542654
-87.80666434	41.93563343
-87.80667278	41.93586794
-87.80667964	41.93606149
-87.80669105	41.93636379
-87.80670052	41.9366146
-87.80670133	41.9366511
-87.80670577	41.93680036
-87.80670677	41.93683389
-87.80671045	41.93695768
-87.80671612	41.9371038
-87.80672119	41.93722499
-87.80672648	41.93735111
-87.80673015	41.93749879
-87.80673904	41.9377589
-87.80674681	41.93799635
-87.80648871	41.937999
-87.80632392	41.93800137
-87.8061094	41.93800453
-87.80592781	41.93800721
-87.80577956	41.93800938
-87.80561489	41.93801181
-87.80543542	41.93801432
-87.80523624	41.93801712
-87.80498972	41.93802188
-87.80482504	41.93802502
-87.80461102	41.93802917
-87.8044301	41.93803177
-87.80426929	41.9380321
-87.80413326	41.93803238
-87.80398508	41.93803531
-87.80370449	41.93804088
-87.80358922	41.93804271
-87.80327669	41.93804774
-87.80302982	41.9380505
-87.80281398	41.93805291
-87.80260255	41.9380563
-87.80231972	41.93806083
-87.80210608	41.93806429
-87.80186126	41.93806826
-87.80149558	41.93807375
-87.80132288	41.93807561
-87.80121887	41.93807672
-87.80104913	41.93807855
-87.80077063	41.93808423
-87.80050714	41.93808783
-87.80022639	41.93809136
-87.79996216	41.93809551
-87.79976527	41.93809932
-87.79960015	41.93810187
-87.79938655	41.93810518
-87.799155	41.93810877
-87.79897267	41.93811221
-87.7987743	41.9381137
-87.79864347	41.93811545
-87.79846225	41.93811831
-87.79813173	41.93812243
-87.79795142	41.93812468
-87.79778722	41.93812726
-87.79763805	41.93812941
-87.79750186	41.93813134
-87.79711026	41.93813815
-87.79691475	41.93814025
-87.79676945	41.9381418
-87.79658282	41.93814502
-87.79620828	41.93815035
-87.79588878	41.93815495
-87.79569721	41.93815827
-87.79549545	41.93816178
-87.79529144	41.93816453
-87.79493443	41.93817018
-87.79476405	41.93817322
-87.79457118	41.93817561
-87.79451658	41.93817666
-87.79447375	41.93817748
-87.79427184	41.93818137
-87.79381304	41.93819016
-87.79372816	41.93819177
-87.79359182	41.93819403
-87.79338729	41.93819711
-87.79325359	41.93819894
-87.79309874	41.93820107
-87.79281216	41.93820598
-87.79264093	41.93820861
-87.79253874	41.93821026
-87.79216622	41.93821729
-87.79203585	41.93821904
-87.79184355	41.93822161
-87.79156859	41.93822578
-87.79138288	41.93822885
-87.79117759	41.93823137
-87.79101551	41.93823447
-87.79101474	41.93823449
-87.79087373	41.93823718
-87.79076919	41.93823861
-87.7907662	41.93811024
-87.79076187	41.93799659
-87.79075881	41.93791968
-87.79075781	41.93788098
-87.79075484	41.93776708
-87.79075115	41.93763921
-87.79074801	41.93755042
-87.79074098	41.93734756
-87.79073772	41.93724604
-87.79073362	41.93711918
-87.79072954	41.93699243
-87.7907251	41.93685328
-87.79072081	41.93672593
-87.79071917	41.9366774
-87.79071605	41.93658567
-87.79070514	41.93642043
-87.79069677	41.93629371
-87.79069297	41.93618603
-87.79068916	41.93607265
-87.79068364	41.93589957
-87.79068018	41.93579676
-87.79067626	41.93567791
-87.79067217	41.93553204
-87.790666	41.93532688
-87.79066266	41.93521902
-87.79065754	41.93506779
-87.79065283	41.93492188
-87.79064823	41.93474919
-87.79064318	41.93459482
-87.79063757	41.93442335
-87.79063407	41.93431164
-87.79063121	41.93421991
-87.79062783	41.93411216
-87.79062479	41.934015
-87.79061941	41.93384324
-87.79061481	41.93369723
-87.79061142	41.93358898
-87.7906058	41.93341104
-87.79060255	41.9333087
-87.79059763	41.9331522
-87.79059382	41.93303352
-87.79058551	41.93276967
-87.79069284	41.93276822
-87.79068478	41.93258026
-87.79066683	41.93198845
-87.79065886	41.93168209
-87.79065043	41.93137572
-87.79064311	41.93110127
-87.79063596	41.93094214
-87.79062897	41.93065595
-87.79060639	41.92990632
-87.79058593	41.92923046
-87.79058195	41.92910455
-87.79055733	41.92832336
-87.79052951	41.92743307
-87.7905263	41.92732431
-87.79050299	41.92655136
-87.79046883	41.92548815
-87.790447	41.92481228
-87.79042768	41.92421943
-87.79041217	41.92377308
-87.7903925	41.92363634
-87.79039966	41.9235085
-87.79039988	41.92343514
-87.79038128	41.92286562
-87.79036051	41.92222749
-87.79034815	41.9218429
-87.79032969	41.92124843
-87.79032939	41.92123873
-87.79031963	41.92092756
-87.79031238	41.92069873
-87.79029854	41.92027296
-87.79028395	41.9198273
-87.79026635	41.91930272
-87.79025527	41.91898468
-87.79022716	41.91866965
-87.79019162	41.91852815
-87.79007672	41.91821236
-87.78993518	41.91800519
-87.78974472	41.91777172
-87.78963585	41.91766623
-87.78941717	41.91751118
-87.78941511	41.9175101