-87.64215205	41.68508212
-87.64249254	41.68507717
-87.64271571	41.68507434
-87.64314579	41.68506885
-87.64359933	41.68506298
-87.64415079	41.68505572
-87.64421809	41.68505481
-87.64456904	41.68505041
-87.64464565	41.68504945
-87.64487005	41.68504664
-87.64518747	41.68504185
-87.64524741	41.68504116
-87.64540236	41.68503938
-87.64543542	41.685039
-87.64597508	41.68503284
-87.64643009	41.68502667
-87.64676437	41.68502049
-87.64701549	41.6850173
-87.6477775	41.6850076
-87.64808429	41.68500383
-87.64823035	41.68500173
-87.64854784	41.68499716
-87.64872011	41.68499494
-87.64896016	41.68499168
-87.64916572	41.68498887
-87.6494456	41.68498555
-87.64967444	41.68498284
-87.64986352	41.68497996
-87.65006066	41.6849766
-87.65025839	41.68497325
-87.65043042	41.68497007
-87.6506612	41.68496715
-87.65096257	41.68496333
-87.65116879	41.68496087
-87.65139968	41.68495813
-87.65161467	41.68495556
-87.65187548	41.68495219
-87.65204281	41.68495003
-87.65220597	41.68494757
-87.65250698	41.68494301
-87.65281661	41.68493832
-87.65309272	41.68493478
-87.65330453	41.68493207
-87.65345546	41.68493013
-87.65368602	41.68492705
-87.65391585	41.68492402
-87.65414433	41.68492051
-87.65430821	41.68491899
-87.65448564	41.68491734
-87.65461482	41.68491547
-87.65485363	41.68491205
-87.6550564	41.68490913
-87.65526804	41.6849061
-87.65552351	41.68490327
-87.65581146	41.68490008
-87.65603233	41.6848965
-87.65627106	41.68489269
-87.65651983	41.68488869
-87.65674177	41.68488557
-87.65689924	41.68488335
-87.65711043	41.68488051
-87.65723961	41.68487874
-87.65745132	41.68487587
-87.65771842	41.68487223
-87.65795703	41.6848698
-87.6581505	41.68486782
-87.65836261	41.68486507
-87.65857406	41.68486232
-87.65882252	41.68485895
-87.65896137	41.68485708
-87.65917062	41.68485394
-87.65942953	41.68485006
-87.65964951	41.68484706
-87.65979729	41.68484502
-87.65998314	41.68484291
-87.6602114	41.68484031
-87.66038927	41.68483814
-87.66065146	41.68483493
-87.66088122	41.68483144
-87.66124917	41.68482586
-87.66159877	41.68482034
-87.66158956	41.68467166
-87.66158464	41.68459219
-87.6615811	41.68447493
-87.66157801	41.68437184
-87.6615755	41.68428834
-87.6615624	41.68408702
-87.66155236	41.68388097
-87.66154382	41.68363204
-87.6615367	41.6834254
-87.66152794	41.683149
-87.66152287	41.68300313
-87.66151906	41.68289353
-87.66151457	41.682741
-87.66151037	41.68258916
-87.66150565	41.68241596
-87.66149959	41.68219676
-87.66149246	41.68194545
-87.66148504	41.68170127
-87.66147775	41.6814667
-87.66147022	41.68118347
-87.6614702	41.68118245
-87.66146459	41.6809716
-87.6614553	41.68065751
-87.6614494	41.68045826
-87.66144256	41.68023231
-87.66143416	41.67995618
-87.66142421	41.67966687
-87.66141673	41.67936182
-87.66140997	41.67908583
-87.66140229	41.67886687
-87.66138715	41.67839135
-87.66137917	41.67814056
-87.66137179	41.67788971
-87.6613502	41.67762807
-87.66136506	41.67754427
-87.66136507	41.67754427
-87.6614662	41.67754208
-87.66152651	41.67754078
-87.66153077	41.67754068
-87.66155688	41.67754012
-87.66175811	41.67753578
-87.66175811	41.67753578
-87.66194448	41.67753176
-87.6621357	41.67752764
-87.66224199	41.67752534
-87.66225104	41.67752514
-87.66233631	41.67752329
-87.66239881	41.67752195
-87.66241169	41.67752167
-87.66246285	41.67752058
-87.66246286	41.67752057
-87.66253395	41.67751904
-87.66282135	41.67751314
-87.66298741	41.67750972
-87.66334017	41.67750278
-87.66373647	41.67749496
-87.66403655	41.67748908
-87.66433802	41.67748375
-87.66463948	41.67747843
-87.66478512	41.67747616
-87.66502785	41.67747237
-87.6651779	41.67747003
-87.66529794	41.67746815
-87.66558106	41.67746263
-87.6660459	41.67745359
-87.66623611	41.67744937
-87.66645202	41.67744456
-87.66656963	41.67744202
-87.66676885	41.67743772
-87.66677141	41.67743766
-87.66680352	41.67735068
-87.66718582	41.67631521
-87.66731578	41.67596306
-87.667433	41.67598731
-87.66840311	41.67618801
-87.66840418	41.67618824
-87.66840089	41.67619714
-87.66801872	41.67723234
-87.66798442	41.67732553
-87.66795069	41.67741715
-87.66803353	41.67741577
-87.66828808	41.67741155
-87.66849959	41.67740804
-87.66859402	41.67740647
-87.66870086	41.67740469
-87.66873027	41.67740421
-87.66892978	41.67740089
-87.66946417	41.67739193
-87.66983387	41.67738572
-87.67002916	41.67738245
-87.67016975	41.67738009
-87.67054387	41.67737198
-87.67055502	41.67737174
-87.67076725	41.67736715
-87.6708482	41.67736539
-87.67085702	41.6773652
-87.67105871	41.67736067
-87.67109724	41.6773598
-87.67115785	41.67735779
-87.67126378	41.67735429
-87.67136488	41.67735092
-87.67160655	41.67734759
-87.6716871	41.67734605
-87.67181317	41.67734358
-87.67187765	41.67734232
-87.67187767	41.67734232
-87.67187847	41.6773423
-87.67217031	41.67733656
-87.67226596	41.67733528
-87.67238576	41.67733368
-87.67238601	41.67733368
-87.67239836	41.67733351
-87.67240935	41.67733344
-87.67260296	41.67733219
-87.67267281	41.67733174
-87.67298306	41.67732647
-87.67322917	41.67732182
-87.67323796	41.67732165
-87.67338536	41.67731885
-87.67359902	41.6773153
-87.67386918	41.67731081
-87.67393292	41.67730964
-87.67408808	41.67730674
-87.67439079	41.67730123
-87.67462775	41.67729699
-87.67488506	41.67729238
-87.67516205	41.67728771
-87.67516206	41.67728771
-87.67544514	41.67728296
-87.67570091	41.67727872
-87.67601188	41.67727377
-87.67633119	41.67726723
-87.67661556	41.67726177
-87.67668686	41.67726055
-87.67689289	41.67725702
-87.67689289	41.67725702
-87.67717029	41.67725225
-87.67723429	41.67725114
-87.67749014	41.67724659
-87.67783722	41.67724042
-87.67816768	41.67723457
-87.67835911	41.67723116
-87.67849927	41.67722866
-87.67875684	41.67722799
-87.67879806	41.67722787
-87.67891077	41.67722758
-87.67935575	41.67722641
-87.67955502	41.6772277
-87.67988488	41.67723776
-87.68038323	41.67724416
-87.68069641	41.67725656
-87.6808393	41.6772622
-87.68112841	41.67726955
-87.68132115	41.67728253
-87.68137448	41.67728612
-87.68168786	41.67730129
-87.68192843	41.67729593
-87.68192844	41.67729593
-87.68240665	41.67728528
-87.68243592	41.67728423
-87.68254375	41.67728037
-87.68285362	41.67726925
-87.68293152	41.67726762
-87.68315121	41.67726301
-87.68315122	41.67726301
-87.68375844	41.67725028
-87.68437749	41.67723728
-87.68437749	41.67723728
-87.68472265	41.67723004
-87.68496974	41.67722509
-87.68498131	41.67722485
-87.68498626	41.67722474
-87.68522219	41.67722004
-87.68523255	41.67721988
-87.68560214	41.67721441
-87.68592233	41.67720969
-87.68592247	41.67720968
-87.68620516	41.67720826
-87.68616405	41.67729953
-87.68614287	41.6773465
-87.68600509	41.67765232
-87.68592981	41.67783033
-87.68590279	41.67789333
-87.68586886	41.67797242
-87.68581165	41.67812483
-87.68578243	41.67820268
-87.68571025	41.67843571
-87.68565537	41.678659
-87.6856524	41.67867095
-87.68560902	41.67890799
-87.68559453	41.67902746
-87.68558013	41.6791462
-87.68556587	41.6793852
-87.68556625	41.67962446
-87.68557619	41.67993411
-87.68557633	41.67993843
-87.68560542	41.68084527
-87.68560542	41.68084531
-87.68560545	41.68084633
-87.68563462	41.6817557
-87.68566374	41.68266344
-87.68567072	41.68288099
-87.68567811	41.68311134
-87.68568671	41.68337914
-87.68569282	41.68356979
-87.68570331	41.68389668
-87.68570821	41.68404957
-87.6857124	41.68417986
-87.68571252	41.68418366
-87.68571837	41.68436556
-87.68572196	41.6844753
-87.68581231	41.68447404
-87.68581231	41.68447404
-87.68584271	41.68447362
-87.68590567	41.68447316
-87.68595337	41.68447282
-87.6860024	41.68447246
-87.68621403	41.68447093
-87.68631532	41.68446949
-87.68647414	41.68446724
-87.68672925	41.68446359
-87.68682279	41.68446226
-87.68682279	41.68446226
-87.68706269	41.6844588
-87.68724591	41.68445615
-87.68749694	41.68445252
-87.68761159	41.68445072
-87.6877312	41.68444884
-87.68792863	41.68444573
-87.6880726	41.68444346
-87.68829197	41.68443895
-87.68857347	41.6844332
-87.68861761	41.6844323
-87.68868055	41.68443161
-87.68890005	41.68442919
-87.68898836	41.68442823
-87.68927126	41.68442232
-87.68951763	41.6844197
-87.68989603	41.6844157
-87.68990088	41.68441563
-87.68991939	41.68441539
-87.69005213	41.68441354
-87.69009646	41.68441292
-87.69052763	41.68440716
-87.6908375	41.68440254
-87.69099344	41.68440021
-87.69139159	41.68439459
-87.69184048	41.6843882
-87.69232292	41.68438077
-87.69313613	41.68436908
-87.69357052	41.68436393
-87.69406196	41.68435738
-87.69440305	41.68435313
-87.69469135	41.68434908
-87.69519224	41.68434166
-87.69562542	41.68433322
-87.6956441	41.68481345
-87.69565847	41.68525189
-87.69567224	41.68567203
-87.69570058	41.68636047
-87.69576154	41.68799177
-87.69576227	41.68801153
-87.69576463	41.68807556
-87.69576463	41.68807557
-87.69576594	41.68807558
-87.69591677	41.69162485
-87.6959026	41.691625
-87.69589497	41.69162508
-87.69575662	41.69162656
-87.6957623	41.69171534
-87.69208981	41.69175984
-87.69210289	41.69214278
-87.69210487	41.69220154
-87.6917058	41.6922064
-87.69170816	41.69227496
-87.6910089	41.69228343
-87.69123797	41.69898185
-87.69072949	41.69898949
-87.69045038	41.69899125
-87.69014633	41.69899529
-87.6900212	41.69899751
-87.69000343	41.69899782
-87.68984191	41.69900069
-87.68974011	41.69900157
-87.68959992	41.69900276
-87.68944766	41.69900405
-87.68919635	41.6990072
-87.68906004	41.69900951
-87.68877408	41.69901402
-87.68863034	41.69901629
-87.68842903	41.69901758
-87.68827575	41.69901757
-87.68807411	41.69902031
-87.6879304	41.69902227
-87.68780889	41.69902367
-87.68754185	41.69902622
-87.68734032	41.69902815
-87.687114	41.69903102
-87.68681541	41.69903513
-87.68663801	41.69903756
-87.68646065	41.69903922
-87.68639107	41.69903986
-87.68630666	41.69904065
-87.68621155	41.69904154
-87.68615417	41.69904207
-87.68594389	41.69904403
-87.68575852	41.69904567
-87.68556508	41.69904741
-87.68538784	41.69904902
-87.68525764	41.699051
-87.68509509	41.69905348
-87.68482926	41.69905753
-87.68463564	41.6990597
-87.684336	41.69906306
-87.6841426	41.69906521
-87.68387954	41.69906824
-87.68354625	41.69907207
-87.68327181	41.69907469
-87.68302212	41.69907698
-87.68266688	41.69908001
-87.68236961	41.69908254
-87.68212626	41.69908179
-87.68205694	41.69908226
-87.68181162	41.69908393
-87.68155617	41.69908716
-87.68153571	41.69908742
-87.68138772	41.69907896
-87.6812414	41.6990706
-87.68094074	41.69906895
-87.68073848	41.69906385
-87.68061899	41.69906086
-87.68055837	41.69905934
-87.68042255	41.69905961
-87.68015891	41.69905877
-87.67996096	41.69905814
-87.67986129	41.6990579
-87.67967191	41.69906067
-87.67944514	41.69906467
-87.67932713	41.69906694
-87.67917327	41.69906985
-87.6789555	41.6990741
-87.67869389	41.6990792
-87.67853109	41.69908238
-87.67837745	41.6990853
-87.6781696	41.69908922
-87.67798673	41.69909267
-87.67775007	41.69909687
-87.67757244	41.69910003
-87.67741891	41.69910305
-87.67722728	41.69910684
-87.67707338	41.69910991
-87.67691018	41.69911312
-87.67673797	41.69911642
-87.67656064	41.69911962
-87.67617703	41.69912655
-87.67595026	41.69913044
-87.67578732	41.69913316
-87.67557003	41.69913677
-87.67535794	41.69914022
-87.67517083	41.69914327
-87.67497164	41.6991457
-87.67479069	41.69914729
-87.67460971	41.69914889
-87.67436019	41.69915365
-87.67415629	41.69915753
-87.67392347	41.69916197
-87.67376063	41.69916581
-87.67359845	41.69916965
-87.67341714	41.69917394
-87.67319925	41.69917911
-87.67299645	41.69918375
-87.67287994	41.69918641
-87.67279692	41.69918745
-87.67256536	41.69919034
-87.67243805	41.69919271
-87.67229349	41.69919542
-87.67208567	41.69919987
-87.67185006	41.69920499
-87.67165935	41.69920917
-87.671463	41.69921322
-87.67119869	41.6992182
-87.67099665	41.69922201
-87.67080931	41.69922672
-87.67065562	41.69923033
-87.67045474	41.69923381
-87.67027166	41.69923558
-87.66999922	41.69924353
-87.66976851	41.6992487
-87.66972939	41.6992494
-87.66952102	41.6992531
-87.66934524	41.69925622
-87.669217	41.69925987
-87.66899273	41.69926266
-87.6687994	41.69926506
-87.66859069	41.6992706
-87.66848975	41.69927323
-87.66826966	41.69927797
-87.66805096	41.6992831
-87.66790636	41.69928613
-87.66776133	41.69928907
-87.66755157	41.69929329
-87.66738782	41.69929674
-87.66724308	41.69929946
-87.66689066	41.69930559
-87.6666806	41.69930924
-87.66627082	41.69931874
-87.66603502	41.69932374
-87.66575147	41.69932931
-87.66543392	41.6993329
-87.66512324	41.69933782
-87.6648512	41.69934557
-87.66445559	41.69935302
-87.66413368	41.69935909
-87.66388858	41.69936436
-87.66352443	41.69937308
-87.66328209	41.69937741
-87.6630971	41.69937997
-87.66283385	41.69938711
-87.66263385	41.69939069
-87.6624423	41.69939372
-87.66230664	41.6993962
-87.66216126	41.69939798
-87.66170182	41.6994072
-87.661283	41.69941293
-87.66104825	41.69941614
-87.66044455	41.69942271
-87.66012643	41.69942617
-87.65961851	41.6994323
-87.65905064	41.69943948
-87.65874167	41.69944359
-87.65845057	41.69944746
-87.65840767	41.69944797
-87.65837943	41.69944831
-87.65837941	41.69944831
-87.65837929	41.69944831
-87.65830063	41.69944925
-87.65805238	41.69945222
-87.65777778	41.6994555
-87.65732187	41.69947123
-87.65713662	41.69947432
-87.65687666	41.69947866
-87.65625138	41.69948205
-87.65560704	41.69949362
-87.65528029	41.69949768
-87.65513589	41.69949937
-87.65475259	41.69950385
-87.65458981	41.69950576
-87.65428051	41.69950971
-87.65402748	41.69951295
-87.65382134	41.69951558
-87.65365516	41.6995177
-87.65345157	41.6995203
-87.65315085	41.69952172
-87.65271631	41.69952802
-87.65261985	41.69952927
-87.65261981	41.69952927
-87.65233448	41.69953295
-87.65206574	41.69953641
-87.65122824	41.69955098
-87.65071329	41.69955677
-87.65046591	41.69955954
-87.6498973	41.69956386
-87.64973598	41.69956508
-87.64933716	41.69956982
-87.64883298	41.69957582
-87.64748141	41.69959288
-87.6471647	41.69959688
-87.64657927	41.699602
-87.64625484	41.69960536
-87.64597108	41.6996083
-87.64566236	41.69961168
-87.64531668	41.69961547
-87.6450374	41.69961861
-87.64442093	41.69962555
-87.64399518	41.69963161
-87.64382446	41.69963306
-87.64355712	41.69963533
-87.64322236	41.69963885
-87.64321804	41.69963889
-87.64321217	41.69963895
-87.64291392	41.69964209
-87.64260803	41.69964095
-87.64259576	41.6992027
-87.64258149	41.69874357
-87.64255651	41.69798423
-87.64255078	41.69781648
-87.64254443	41.69763036
-87.6425385	41.69745688
-87.64251964	41.69685891
-87.64250073	41.69624418
-87.64249252	41.69599799
-87.64248573	41.69580571
-87.64247838	41.69556485
-87.64246599	41.69515217
-87.6424559	41.69481521
-87.64244929	41.69456396
-87.6424416	41.69429365
-87.64243705	41.69417746
-87.64243004	41.69399856
-87.64242037	41.69369435
-87.64241176	41.69342418
-87.64240353	41.69314634
-87.64239556	41.69297736
-87.64239184	41.69289813
-87.64238368	41.69257271
-87.64237845	41.69235609
-87.64237407	41.69217401
-87.64236802	41.69192853
-87.64236285	41.69173362
-87.64235983	41.69161944
-87.64235155	41.69133598
-87.64234308	41.69104615
-87.64233745	41.69088404
-87.64232386	41.69053659
-87.64231468	41.69030213
-87.64230282	41.68995361
-87.64229217	41.68961059
-87.6422839	41.68931972
-87.64227871	41.6891134
-87.64227512	41.6889704
-87.64227154	41.68888363
-87.64226569	41.68872015
-87.64225793	41.68850326
-87.64224943	41.68819906
-87.64223943	41.68787152
-87.64222698	41.68749207
-87.64221849	41.68722817
-87.64220849	41.68690302
-87.64220334	41.68673526
-87.6421963	41.68651015
-87.64218841	41.68624135
-87.64217966	41.68594409
-87.64217281	41.68571198
-87.64216289	41.68544869
-87.64215722	41.68533797
-87.64215205	41.68508212