-87.62446477	41.911567
-87.62458571	41.91147508
-87.62466294	41.91141638
-87.6246618	41.91140421
-87.6246618	41.9114042
-87.62466909	41.91124452
-87.62466939	41.91123803
-87.62467839	41.911041
-87.62468477	41.91090142
-87.62468705	41.91085154
-87.62468705	41.91085152
-87.62468793	41.91084851
-87.62470339	41.91079583
-87.62472248	41.91074859
-87.62472544	41.91074127
-87.62473749	41.91071807
-87.62475304	41.91068812
-87.62477023	41.91066194
-87.62479451	41.9106312
-87.62480171	41.91062209
-87.62483809	41.91058467
-87.62486184	41.91056458
-87.62487907	41.91055001
-87.62491765	41.91052301
-87.62492428	41.91051838
-87.624926	41.91051701
-87.62495259	41.91049594
-87.62498712	41.91046297
-87.62501687	41.91042748
-87.6250415	41.91038987
-87.6250607	41.91035056
-87.62509515	41.91026523
-87.62511589	41.91018023
-87.62512113	41.91012459
-87.62512393	41.9100948
-87.62513503	41.91000486
-87.62514306	41.9099158
-87.62514417	41.90985097
-87.62514473	41.90981853
-87.6251355	41.90969235
-87.62512252	41.90951954
-87.62512252	41.90951951
-87.62511225	41.90938293
-87.62508969	41.90911133
-87.62508766	41.90909413
-87.62507269	41.90896707
-87.62504576	41.90873475
-87.62501944	41.9085404
-87.62498898	41.90838086
-87.62497152	41.90828931
-87.62495466	41.90821334
-87.62492847	41.90809528
-87.6249019	41.9079885
-87.62490188	41.90798842
-87.62490042	41.90798013
-87.62489508	41.90794977
-87.62488042	41.90786649
-87.62486344	41.9077852
-87.62484232	41.90768404
-87.62483685	41.90766502
-87.62482488	41.90762337
-87.62480926	41.90752736
-87.62480923	41.90752736
-87.62480676	41.90752702
-87.62480053	41.90752618
-87.62469491	41.90725446
-87.62459579	41.90699888
-87.62453924	41.90683582
-87.62452302	41.90678907
-87.6244352	41.9065354
-87.62443401	41.90653197
-87.62440518	41.9064487
-87.62439754	41.90642661
-87.62429175	41.9061265
-87.62421522	41.90590937
-87.62420427	41.90587832
-87.62420122	41.90586969
-87.6241719	41.90578664
-87.62414743	41.90571733
-87.62410589	41.90559967
-87.62400381	41.90531051
-87.62399108	41.90527447
-87.62397699	41.90523458
-87.62386025	41.90490197
-87.6236454	41.90428684
-87.6236377	41.90426474
-87.6236315	41.90424692
-87.62357495	41.90408446
-87.62357398	41.90408166
-87.62357246	41.90407731
-87.62365523	41.90406181
-87.62372268	41.90404917
-87.62369493	41.90401753
-87.62367193	41.90399131
-87.62360685	41.90394742
-87.62355584	41.90391922
-87.62351722	41.90390079
-87.62350325	41.90389454
-87.62348659	41.90388709
-87.6234649	41.90387721
-87.6234466	41.90386887
-87.62344369	41.90386752
-87.62343545	41.9038637
-87.62341491	41.90385418
-87.62341239	41.90385302
-87.62339595	41.90384577
-87.6233716	41.90383504
-87.6233444	41.90382304
-87.62331357	41.90380738
-87.62329699	41.90379874
-87.62327949	41.90378963
-87.62324578	41.90377208
-87.62322921	41.90376191
-87.62321528	41.90375337
-87.6232129	41.90375187
-87.62316862	41.90372402
-87.62313343	41.90369715
-87.62312571	41.90369126
-87.62311836	41.90368565
-87.62309679	41.90366918
-87.62307213	41.90365034
-87.62305552	41.90363764
-87.62301432	41.90360262
-87.62298773	41.90357893
-87.62295838	41.90355287
-87.6229354	41.9035316
-87.62290848	41.90350775
-87.62287832	41.90347987
-87.62287361	41.90347551
-87.62283188	41.90343538
-87.62281062	41.90341409
-87.62279028	41.90339371
-87.62276664	41.9033686
-87.6227506	41.90335156
-87.62272254	41.90332063
-87.62271794	41.90331638
-87.62271419	41.90331293
-87.62270862	41.90330781
-87.62270767	41.90330714
-87.62267767	41.90327651
-87.62267658	41.90327539
-87.62266465	41.90326321
-87.62259115	41.90318814
-87.6225609	41.9031553
-87.62251198	41.90310217
-87.62241125	41.90298375
-87.62233119	41.90288964
-87.6223034	41.90285695
-87.62229605	41.90284831
-87.62220688	41.90273198
-87.62210758	41.90260244
-87.62203439	41.90250842
-87.62200939	41.90247631
-87.62200696	41.90247318
-87.62198393	41.90244358
-87.62197042	41.90242591
-87.62195073	41.90240015
-87.62192951	41.90236906
-87.62191628	41.90234737
-87.62190949	41.90233623
-87.62189342	41.90229793
-87.62189333	41.90229771
-87.62187481	41.90225382
-87.62186506	41.90222553
-87.62186191	41.90221343
-87.62185766	41.90219708
-87.62185438	41.90217483
-87.62185487	41.90216747
-87.62185561	41.90215631
-87.62185597	41.90215398
-87.62185807	41.90214009
-87.62185898	41.90213402
-87.62185919	41.90213243
-87.62186116	41.90211702
-87.62186191	41.90210731
-87.62186292	41.90209423
-87.62186373	41.90208362
-87.62186438	41.90207528
-87.62186527	41.90206779
-87.6218664	41.90205803
-87.62186679	41.90205492
-87.62186713	41.90205213
-87.62186792	41.90204778
-87.62186827	41.90204585
-87.62186821	41.90204583
-87.62175397	41.90200431
-87.6216649	41.90197564
-87.62163725	41.90196673
-87.62161859	41.90196148
-87.62151831	41.90193326
-87.62139741	41.90190391
-87.62127486	41.90187876
-87.62115086	41.9018579
-87.62114646	41.90185723
-87.62114481	41.90185698
-87.62099814	41.90182954
-87.62063773	41.9017621
-87.62056998	41.90174993
-87.6205672	41.9017492
-87.62052086	41.90173709
-87.62045384	41.90171698
-87.62040953	41.90170368
-87.6203832	41.90169602
-87.62037284	41.901693
-87.61992113	41.90156152
-87.61990345	41.90155559
-87.61987604	41.90154639
-87.61986159	41.9015399
-87.61983368	41.90152736
-87.61979718	41.90150638
-87.61976421	41.90148793
-87.61973328	41.90147061
-87.61963812	41.90141733
-87.6196382	41.90141719
-87.61964157	41.90141113
-87.61964144	41.90141105
-87.61956193	41.90136565
-87.6195027	41.90132751
-87.61948603	41.90131677
-87.61946947	41.90130478
-87.61944307	41.90128566
-87.61941406	41.90126465
-87.61940513	41.90125766
-87.619392	41.90124739
-87.61936739	41.90122519
-87.61931111	41.90117441
-87.61923486	41.90109872
-87.61922898	41.90109229
-87.6191634	41.90102047
-87.61909686	41.90093985
-87.61906787	41.90090078
-87.61904989	41.90087656
-87.61903537	41.900857
-87.61897909	41.9007721
-87.61893211	41.90069253
-87.61886895	41.90059024
-87.61881023	41.90049515
-87.61880337	41.90048404
-87.61861369	41.90020489
-87.61854032	41.90009692
-87.61854031	41.90009691
-87.61854029	41.90009689
-87.61853258	41.90008555
-87.61848679	41.90001819
-87.61826487	41.89968415
-87.61819042	41.89957211
-87.61799876	41.89928465
-87.61799663	41.89928146
-87.61797377	41.89924718
-87.61795057	41.89921241
-87.61773026	41.89887616
-87.61773015	41.89887599
-87.6176565	41.89876356
-87.61765647	41.89876351
-87.61764842	41.89875122
-87.61749484	41.89851884
-87.6174866	41.89850609
-87.61747844	41.89849347
-87.61721392	41.89808413
-87.61720092	41.89806405
-87.61710818	41.8979288
-87.61693994	41.89768347
-87.61689546	41.89761861
-87.61684857	41.89755024
-87.61664216	41.89726347
-87.61659574	41.897199
-87.6165385	41.89711949
-87.61647467	41.89703376
-87.61636158	41.89688186
-87.61634662	41.89685733
-87.61633842	41.89684388
-87.61632172	41.89681644
-87.61632169	41.89681638
-87.61631638	41.89680817
-87.61621204	41.89664668
-87.61618768	41.89660943
-87.61607221	41.89643277
-87.6159896	41.89630642
-87.61587237	41.89612711
-87.61584467	41.8960853
-87.61581309	41.89603763
-87.61570679	41.8958771
-87.61554314	41.89562996
-87.61553043	41.89561065
-87.61550399	41.89557046
-87.61525801	41.89519657
-87.61514306	41.89502183
-87.61513085	41.89500326
-87.6149786	41.89477791
-87.61490652	41.89467121
-87.61488386	41.89464248
-87.61484775	41.89459669
-87.61466667	41.89436707
-87.6146254	41.89431473
-87.61462536	41.89431469
-87.61446637	41.8941131
-87.61444948	41.89409179
-87.61436269	41.89398232
-87.61433777	41.89395088
-87.614012	41.89353998
-87.61397053	41.89348766
-87.61377288	41.89323834
-87.61368842	41.8931318
-87.61368632	41.89312916
-87.61368632	41.89312916
-87.61368621	41.89312902
-87.61367883	41.89313177
-87.61352622	41.89318872
-87.61352429	41.89318945
-87.61352427	41.89318945
-87.61336961	41.89323343
-87.61321311	41.8932741
-87.61318215	41.89328214
-87.61286701	41.89336153
-87.61276386	41.89338354
-87.61267118	41.8934033
-87.61262319	41.89340923
-87.61258572	41.89341336
-87.61255483	41.89341286
-87.61253463	41.89341002
-87.61252036	41.89340801
-87.61246687	41.89339917
-87.61240227	41.89338606
-87.61214398	41.893338
-87.61210875	41.89333456
-87.61203014	41.89332689
-87.61203008	41.89332698
-87.61190087	41.89351828
-87.61188403	41.89354323
-87.61185657	41.89357426
-87.61185237	41.89358041
-87.61185127	41.89358202
-87.61178422	41.89370473
-87.61171876	41.89380322
-87.61168972	41.8938477
-87.61163074	41.89393804
-87.61161286	41.89396545
-87.61159255	41.89399658
-87.61154654	41.89407242
-87.61151785	41.89411972
-87.61138014	41.89433337
-87.6113777	41.89433863
-87.61137336	41.89434803
-87.61135946	41.89437821
-87.61135186	41.89439469
-87.61127584	41.89451169
-87.61123407	41.89457402
-87.61119948	41.8946257
-87.61118711	41.89464664
-87.61113684	41.89473175
-87.61113229	41.89473877
-87.61112065	41.89475671
-87.61107545	41.8948264
-87.6110444	41.89487428
-87.61098275	41.89497036
-87.61096281	41.89499789
-87.61095465	41.89500915
-87.61085682	41.89515798
-87.61084372	41.89517791
-87.61082778	41.89520215
-87.61078969	41.89527455
-87.61069426	41.89542826
-87.61067776	41.89545485
-87.61065626	41.89548882
-87.61060674	41.89556706
-87.61058292	41.8956047
-87.61054063	41.89567153
-87.61052926	41.89568599
-87.61051495	41.89570419
-87.61049441	41.89573889
-87.61048811	41.89574954
-87.61047761	41.89577143
-87.61045271	41.89581337
-87.61043802	41.89583587
-87.6104153	41.89587065
-87.61038316	41.89592654
-87.61036567	41.89595229
-87.61033038	41.89600426
-87.61032157	41.89601721
-87.61027136	41.89609788
-87.61023316	41.89614549
-87.61017819	41.89621397
-87.61015449	41.89622766
-87.61010966	41.89623662
-87.61009723	41.89623748
-87.61002733	41.89624401
-87.60968133	41.89625132
-87.60942746	41.89625666
-87.609108	41.89626143
-87.60881824	41.89626783
-87.60850568	41.89626962
-87.60842557	41.89627151
-87.60827929	41.89627497
-87.60825854	41.89627514
-87.60819403	41.89627567
-87.60811625	41.89627482
-87.60805708	41.89627472
-87.60804151	41.89627466
-87.60801076	41.89627454
-87.60799277	41.89627369
-87.60797648	41.89627292
-87.60794856	41.89626956
-87.60794384	41.89626869
-87.60793372	41.89626683
-87.607926	41.89626325
-87.60792462	41.8962626
-87.60792449	41.8962625
-87.6079222	41.89626069
-87.60792207	41.89626058
-87.60792153	41.89625779
-87.60792138	41.89625701
-87.60792155	41.8962512
-87.60791963	41.89625041
-87.60790356	41.89624386
-87.6078978	41.89624666
-87.60788831	41.89625126
-87.60787333	41.89625414
-87.60787075	41.89625463
-87.60786678	41.89625443
-87.60785262	41.8962537
-87.60783739	41.89624897
-87.60783582	41.89624849
-87.60783267	41.89624683
-87.60783063	41.89624576
-87.60783059	41.89624578
-87.60782601	41.89624776
-87.60781458	41.89625272
-87.60780299	41.89625455
-87.60779644	41.89625559
-87.60777798	41.89625413
-87.60776104	41.89624845
-87.60775772	41.89624666
-87.60775713	41.89624634
-87.60775711	41.89624635
-87.60773976	41.89625285
-87.60773163	41.89625384
-87.60772056	41.89625519
-87.60770564	41.89625366
-87.6077013	41.89625321
-87.6076837	41.896247
-87.60768049	41.89624528
-87.60766447	41.89625218
-87.60765758	41.89625324
-87.60764636	41.89625497
-87.60762802	41.89625343
-87.60762666	41.89625296
-87.60761122	41.89624767
-87.60760688	41.89624528
-87.60759108	41.89625246
-87.60758644	41.89625327
-87.60757304	41.89625561
-87.60755462	41.89625442
-87.60754803	41.8962523
-87.60753764	41.89624896
-87.60753479	41.89624754
-87.60752589	41.89625049
-87.60751565	41.89625387
-87.60749495	41.89625599
-87.60749487	41.89625598
-87.60747426	41.89625372
-87.60746039	41.89624952
-87.60744173	41.89625587
-87.60743172	41.89625695
-87.60742143	41.89625805
-87.60740111	41.89625587
-87.60739506	41.89625384
-87.60738354	41.89624999
-87.60736894	41.89625569
-87.60736591	41.89625688
-87.60736584	41.89625689
-87.60736425	41.89625711
-87.60734637	41.89625966
-87.60732659	41.89625808
-87.60730826	41.89625226
-87.60730797	41.89625212
-87.6072907	41.89625879
-87.60729006	41.89625887
-87.60727157	41.8962613
-87.60725231	41.89625948
-87.60723489	41.89625355
-87.60721656	41.89626035
-87.60719637	41.896263
-87.60719083	41.89626253
-87.60717604	41.89626127
-87.60716637	41.89625836
-87.60715909	41.89625617
-87.6071412	41.89626267
-87.60714113	41.8962627
-87.60712145	41.89626505
-87.60711133	41.89626401
-87.60710168	41.89626303
-87.60709564	41.89626096
-87.60708353	41.89625682
-87.60708305	41.8962566
-87.60707214	41.89626163
-87.60706732	41.89626385
-87.60706167	41.89626486
-87.60704933	41.89626706
-87.60704001	41.89626649
-87.6070309	41.89626593
-87.60702154	41.89626297
-87.60701388	41.89626055
-87.60701284	41.89626002
-87.60700983	41.89625846
-87.60700914	41.89625811
-87.60700911	41.89625812
-87.60699114	41.8962645
-87.60698364	41.89626533
-87.60697146	41.89626668
-87.60695176	41.89626452
-87.60694198	41.8962611
-87.60693417	41.89625837
-87.60692891	41.89626061
-87.60691804	41.89626524
-87.60690293	41.89626754
-87.60689982	41.89626801
-87.6068997	41.896268
-87.6068814	41.89626641
-87.60686454	41.89626062
-87.60686118	41.89625882
-87.60684581	41.89626627
-87.60683932	41.89626752
-87.60682807	41.89626969
-87.60681115	41.89626887
-87.60680983	41.89626881
-87.60680088	41.8962661
-87.60679284	41.89626365
-87.60678993	41.89626215
-87.60678715	41.89626071
-87.60676883	41.89626638
-87.60675909	41.89626711
-87.60674909	41.89626785
-87.60672962	41.89626493
-87.60671754	41.89626007
-87.60671214	41.8962579
-87.60669829	41.89624746
-87.60669819	41.89624739
-87.60668918	41.89623479
-87.60668908	41.89623465
-87.60658882	41.89623656
-87.60655282	41.89623724
-87.60655409	41.89628349
-87.60586508	41.89629601
-87.60586352	41.89625962
-87.6058631	41.89624986
-87.60579442	41.89624953
-87.60572695	41.89624919
-87.6057269	41.89624928
-87.60571809	41.89626275
-87.60570577	41.89627276
-87.60570441	41.89627386
-87.60568703	41.89628154
-87.60566744	41.89628523
-87.60566361	41.8962851
-87.60564725	41.89628453
-87.60563234	41.89628106
-87.60562288	41.89628446
-87.60561434	41.89628753
-87.60559459	41.89628985
-87.60558062	41.89628839
-87.60557478	41.89628777
-87.60555663	41.89628154
-87.6055565	41.89628147
-87.60555609	41.89628126
-87.60553593	41.89628742
-87.60551431	41.89628934
-87.60549277	41.8962869
-87.60548146	41.89628372
-87.60548137	41.89628376
-87.60546372	41.89629014
-87.60546365	41.89629017
-87.60544412	41.89629246
-87.60542453	41.89629039
-87.6054066	41.8962841
-87.60540634	41.89628399
-87.60540242	41.89628559
-87.60538915	41.89629099
-87.60536998	41.89629391
-87.60535049	41.89629247
-87.60533248	41.89628679
-87.60533108	41.89628613
-87.60533077	41.89628598
-87.6053157	41.89629307
-87.6053083	41.8962944
-87.60529837	41.89629618
-87.60528749	41.89629538
-87.60528064	41.89629488
-87.60527841	41.89629413
-87.60526443	41.8962894
-87.60526226	41.89628814
-87.60525834	41.89628588
-87.60524272	41.8962933
-87.60523642	41.8962945
-87.60522479	41.89629672
-87.60521524	41.89629625
-87.60520632	41.89629581
-87.6051968	41.89629295
-87.60518916	41.89629065
-87.60518745	41.89628982
-87.60518547	41.89628885
-87.60516979	41.89629495
-87.60515644	41.89629646
-87.60515419	41.89629672
-87.60515232	41.89629692
-87.60514071	41.8962956
-87.60513805	41.8962953
-87.60513805	41.8962953
-87.60510401	41.89631012
-87.60508211	41.89631747
-87.60507043	41.89631941
-87.6050614	41.89632091
-87.60504338	41.89632314
-87.60502814	41.89632503
-87.60501797	41.89632612
-87.60499909	41.89632814
-87.60496131	41.89633065
-87.6049102	41.89633227
-87.60482912	41.89633316
-87.60481517	41.89633195
-87.60478879	41.89632966
-87.60475674	41.89632842
-87.60472686	41.89632721
-87.60468379	41.89632548
-87.60462471	41.89632747
-87.60448666	41.89632925
-87.60444039	41.89632971
-87.60430453	41.89633106
-87.60421682	41.89632743
-87.60414336	41.89633064
-87.60402978	41.89633143
-87.603995	41.89633374
-87.6039008	41.89634
-87.60379362	41.89634152
-87.60378898	41.89634159
-87.60376677	41.89634212
-87.60353837	41.8963476
-87.60337994	41.89635408
-87.60312721	41.89636442
-87.60286008	41.89636259
-87.60267884	41.89636134
-87.60251368	41.89637189
-87.60249398	41.89637314
-87.60249395	41.89637315
-87.60248687	41.89637296
-87.60242608	41.89637132
-87.60242598	41.89637131
-87.60236956	41.89634332
-87.60235228	41.89630907
-87.60235122	41.89627754
-87.60235074	41.89626334
-87.60234777	41.89624874
-87.60234267	41.89622367
-87.60234212	41.89611789
-87.60234188	41.89607394
-87.6023418	41.89605559
-87.60234171	41.89603771
-87.60233779	41.89580791
-87.60233567	41.89573953
-87.60233401	41.89568577
-87.60233256	41.89563974
-87.60233145	41.89560414
-87.60233015	41.89535111
-87.60232878	41.89527103
-87.60232497	41.89504521
-87.60232419	41.89498782
-87.60232289	41.89489223
-87.60232057	41.8948409
-87.60231968	41.89482094
-87.60231305	41.89467285
-87.60231427	41.89458549
-87.60231487	41.89454212
-87.60231515	41.89451759
-87.60231647	41.89440248
-87.602319	41.89417684
-87.60231338	41.89399017
-87.60230012	41.89354875
-87.60229307	41.89331368
-87.60229307	41.89331367
-87.60235196	41.89326459
-87.60371117	41.8932445
-87.6039953	41.89324026
-87.60429305	41.89323582
-87.60518913	41.89322125
-87.60695975	41.89319243
-87.60783442	41.89317818
-87.60982235	41.89314576
-87.60982234	41.89314568
-87.60982233	41.89314511
-87.60982148	41.89311533
-87.60981495	41.89288626
-87.60980974	41.89270356
-87.60979801	41.89229188
-87.60979599	41.89222071
-87.60979599	41.8922206
-87.60519965	41.89229443
-87.60477905	41.89230118
-87.6047752	41.89230124
-87.60460087	41.89230404
-87.60445692	41.89230635
-87.60359287	41.89232253
-87.60303661	41.89233294
-87.60091135	41.89236537
-87.60091135	41.8923654
-87.60091123	41.89237863
-87.60091093	41.89240802
-87.60090217	41.89240821
-87.60087519	41.8924088
-87.60087489	41.89240899
-87.60084696	41.89242385
-87.60081601	41.89243496
-87.60078303	41.89244194
-87.60075098	41.89244447
-87.60074891	41.89244463
-87.60074884	41.89244463
-87.60071466	41.89244296
-87.60068131	41.89243693
-87.60064984	41.89242677
-87.60063638	41.89242018
-87.60062113	41.89241273
-87.60059235	41.8924152
-87.60059234	41.89241516
-87.60059131	41.89239753
-87.60059047	41.89238314
-87.60058212	41.8922405
-87.60058211	41.89224039
-87.59966713	41.89225565
-87.59854932	41.8922743
-87.5985456	41.89215154
-87.59854044	41.89198148
-87.59852849	41.89158585
-87.59852439	41.8914504
-87.59852439	41.89145029
-87.59933442	41.89143639
-87.60056686	41.89141523
-87.60056134	41.8911116
-87.60059371	41.89111041
-87.60060578	41.89110397
-87.6006215	41.89109558
-87.60065225	41.89108452
-87.60068038	41.89107859
-87.60068509	41.8910776
-87.60068659	41.89107748
-87.60071906	41.89107493
-87.60074848	41.89107645
-87.60075312	41.89107669
-87.60078629	41.89108274
-87.60081754	41.89109296
-87.60082112	41.89109473
-87.60084603	41.89110703
-87.60084642	41.89110766
-87.60088705	41.89110699
-87.60088705	41.89110701
-87.60088847	41.89112872
-87.60088993	41.89115094
-87.60170351	41.89113796
-87.60275998	41.89112056
-87.60326048	41.89111207
-87.60389621	41.89110128
-87.60434189	41.89109664
-87.60452218	41.89109477
-87.60487574	41.891089
-87.60491287	41.89108839
-87.60521341	41.89108348
-87.60613515	41.89106846
-87.60746207	41.89104681
-87.60953545	41.89101295
-87.60953206	41.89092189
-87.60952761	41.8908025
-87.6095159	41.89040969
-87.60950942	41.89019215
-87.60949717	41.88978035
-87.60949196	41.88960546
-87.60949195	41.88960536
-87.60948615	41.8894108
-87.6094858	41.88939911
-87.60956634	41.88940338
-87.60954752	41.88931435
-87.61123334	41.88931014
-87.61136732	41.88974074
-87.61143664	41.89063034
-87.61355929	41.89058438
-87.61356976	41.89056156
-87.61362029	41.89045139
-87.6136399	41.89045
-87.61423153	41.89040788
-87.61423159	41.89040787
-87.61440557	41.89040347
-87.61441121	41.89055616
-87.61555179	41.89053722
-87.61555613	41.89047791
-87.6157968	41.89050891
-87.61585763	41.89050749
-87.61606314	41.89050268
-87.6160647	41.89044507
-87.6165124	41.89043688
-87.61651283	41.89047231
-87.61651311	41.89049623
-87.61678255	41.89045881
-87.61702635	41.8904569
-87.61703032	41.89051249
-87.61714895	41.89051027
-87.61733246	41.89050683
-87.61733247	41.89050623
-87.61765276	41.89053215
-87.61785186	41.89053202
-87.61795214	41.89043214
-87.61858865	41.89043198
-87.6186752	41.89043184
-87.61961384	41.89046477
-87.61987213	41.89046501
-87.61987214	41.89017481
-87.61960428	41.89017931
-87.61867501	41.89016085
-87.61857948	41.89016265
-87.61771582	41.89017614
-87.61764166	41.89017705
-87.61732369	41.89018227
-87.61538975	41.89020759
-87.61441451	41.89022104
-87.61422737	41.89022192
-87.61422719	41.89022192
-87.61407211	41.89022267
-87.61388056	41.89022353
-87.61371744	41.8902242
-87.61362622	41.89022468
-87.61270663	41.89022886
-87.61266823	41.89021664
-87.61264396	41.89020891
-87.61259126	41.89015918
-87.61257778	41.89009255
-87.61256818	41.89000708
-87.61256048	41.88991613
-87.6125558	41.88980221
-87.61255426	41.88973462
-87.61254945	41.88963203
-87.61321579	41.88905999
-87.61397431	41.88840881
-87.61417131	41.88841005
-87.61417136	41.88841005
-87.61442515	41.88841164
-87.61455103	41.88841427
-87.61526597	41.88842272
-87.61531893	41.88841981
-87.61584972	41.88839074
-87.61692168	41.88835292
-87.61707532	41.88834159
-87.61725532	41.8883283
-87.61762654	41.88831908
-87.61801184	41.88831104
-87.6180983	41.88831652
-87.61819991	41.8883309
-87.61908448	41.88843303
-87.61940299	41.88846654
-87.62046452	41.88857823
-87.62054535	41.88858673
-87.62058174	41.88859056
-87.62063764	41.88859644
-87.62120027	41.88865564
-87.62231739	41.88878872
-87.62271369	41.88883592
-87.62331816	41.88888225
-87.62360708	41.88890517
-87.62385809	41.88889333
-87.62403205	41.88881833
-87.62418746	41.88882269
-87.62437192	41.88885731
-87.62444186	41.88887212
-87.624514	41.88888165
-87.6246327	41.88888153
-87.62473021	41.88889424
-87.62496824	41.88890284
-87.62509444	41.8889054
-87.62519043	41.88887027
-87.62529216	41.88883796
-87.62566446	41.88867667
-87.62598715	41.88850531
-87.62606836	41.88844077
-87.62635599	41.88824487
-87.62659753	41.8880915
-87.6268175	41.88794356
-87.62686093	41.88791617
-87.62691278	41.88788346
-87.62703826	41.88781172
-87.62726496	41.88765974
-87.62743073	41.88758422
-87.6275043	41.88755559
-87.62761677	41.88751182
-87.6280021	41.88747256
-87.6282379	41.88744854
-87.62879231	41.88744077
-87.62898509	41.88742642
-87.62928433	41.88741942
-87.62953703	41.88742023
-87.62965675	41.88742061
-87.63006788	41.88742118
-87.63078467	41.88743141
-87.63102104	41.88744317
-87.63125527	41.88745481
-87.6317093	41.88746649
-87.63223001	41.88747987
-87.63249901	41.88748065
-87.63272879	41.88748132
-87.63279822	41.88747335
-87.63337191	41.88747635
-87.63377408	41.88753413
-87.63397065	41.88752779
-87.63414132	41.88752127
-87.6342657	41.88751898
-87.63483998	41.88746762
-87.6352035	41.88746566
-87.63561909	41.88745205
-87.63579692	41.88742769
-87.63583722	41.88740862
-87.63597547	41.88734318
-87.63684403	41.88680775
-87.63708682	41.88667594
-87.63727049	41.88655661
-87.6374397	41.88641963
-87.63758839	41.88623414
-87.6383925	41.88672649
-87.63854659	41.88685738
-87.63856385	41.88687204
-87.63876517	41.88716154
-87.63884786	41.88737277
-87.63891793	41.88763711
-87.63894935	41.88773722
-87.63899016	41.88785876
-87.63900091	41.88788467
-87.63900874	41.8879162
-87.63901286	41.8879328
-87.63904234	41.88805285
-87.63906377	41.88813574
-87.63920199	41.88844879
-87.63921102	41.88850075
-87.63921893	41.88854626
-87.63922613	41.88863782
-87.63925901	41.88878596
-87.63927827	41.88885282
-87.63932006	41.88896125
-87.63936098	41.88908028
-87.63943528	41.8892283
-87.63954065	41.88935369
-87.63959663	41.88941726
-87.6396405	41.88946681
-87.63971712	41.88955454
-87.63978968	41.88963637
-87.63987549	41.88972992
-87.63998986	41.88985252
-87.6399993	41.88986264
-87.64012225	41.88999919
-87.64020325	41.89009279
-87.64029905	41.8902035
-87.64041395	41.89033745
-87.64066876	41.8906431
-87.64068444	41.89066672
-87.64086337	41.89093618
-87.64093915	41.89104413
-87.64103724	41.89118429
-87.64109201	41.89126821
-87.64116075	41.89138485
-87.6411781	41.89141275
-87.64119166	41.89143457
-87.64126743	41.89162811
-87.6413336	41.89172461
-87.64139702	41.89181692
-87.64145694	41.89190422
-87.64150556	41.89196933
-87.64157416	41.89204851
-87.64173954	41.89219154
-87.64180209	41.89225652
-87.64190571	41.89235363
-87.64192666	41.89237286
-87.64199672	41.89245488
-87.6420377	41.89250286
-87.64207461	41.89253929
-87.64213097	41.89259494
-87.64228412	41.89273566
-87.64245013	41.89286863
-87.64257331	41.89294404
-87.64271571	41.89303584
-87.64280458	41.89310503
-87.64289247	41.89317313
-87.64294311	41.89321503
-87.64321544	41.8933763
-87.64327098	41.89340295
-87.64336522	41.89344419
-87.64342288	41.89347242
-87.64349508	41.89350693
-87.64355315	41.89353725
-87.64362707	41.89364159
-87.6436473	41.893676
-87.64365581	41.89369047
-87.6436732	41.89372
-87.6436965	41.89375971
-87.6437312	41.89381873
-87.64377722	41.89388333
-87.64378764	41.89389431
-87.64381129	41.89391915
-87.64397693	41.89402168
-87.64404005	41.89409492
-87.6440585	41.89411838
-87.64407484	41.89413912
-87.64411665	41.89427431
-87.6441213	41.89434791
-87.64412541	41.89441966
-87.64412616	41.8944338
-87.64412807	41.89446952
-87.64413195	41.89454248
-87.64413725	41.89464309
-87.64413897	41.89467573
-87.6441443	41.89477625
-87.64417348	41.89547779
-87.64419244	41.8959337
-87.6442216	41.89645466
-87.64423178	41.89663645
-87.64443162	41.89724206
-87.6446137	41.89739875
-87.64478013	41.89754197
-87.64488579	41.89769402
-87.64540826	41.89776332
-87.64631504	41.89785749
-87.64782898	41.89796339
-87.64790036	41.89796838
-87.6487899	41.89808778
-87.64939841	41.89830691
-87.64967373	41.89851069
-87.64973512	41.89855612
-87.65086287	41.89941219
-87.65103258	41.89951905
-87.65123298	41.89966031
-87.65128825	41.89969715
-87.65133972	41.89973146
-87.65135543	41.89974193
-87.65160101	41.89986657
-87.65168366	41.89990852
-87.65189957	41.9000132
-87.65202654	41.90005545
-87.65211561	41.90008018
-87.6521949	41.90009503
-87.65247721	41.90013537
-87.65252595	41.90012543
-87.65255326	41.9001167
-87.65257643	41.90011708
-87.65290716	41.90017714
-87.65343196	41.90028354
-87.65445495	41.90051371
-87.65450733	41.90052766
-87.65516172	41.90074136
-87.65538097	41.90081295
-87.6558878	41.90116855
-87.65591658	41.90121183
-87.65602298	41.90142131
-87.65616059	41.90169222
-87.65616612	41.90170837
-87.65618472	41.90192203
-87.65647439	41.90262201
-87.65734027	41.90339906
-87.65739154	41.90346576
-87.65742451	41.90350865
-87.6574403	41.90352918
-87.6574966	41.90360243
-87.65815727	41.90452621
-87.65828901	41.9050412
-87.65822806	41.90536249
-87.65816988	41.9056692
-87.65795869	41.90704515
-87.65794753	41.90711491
-87.65794628	41.9071227
-87.6577877	41.90811343
-87.65776508	41.90825136
-87.6577518	41.90836846
-87.65773586	41.90844109
-87.65769059	41.90857765
-87.65768058	41.90857787
-87.65757623	41.9088598
-87.65751738	41.90897787
-87.65750698	41.90903448
-87.65749024	41.90907812
-87.65748557	41.90909032
-87.65922877	41.9090702
-87.65918674	41.90920036
-87.65894982	41.90985077
-87.6580083	41.91016459
-87.65693683	41.91052155
-87.6568513	41.91074463
-87.6568608	41.91078451
-87.6566821	41.91078488
-87.65629717	41.91079152
-87.65621492	41.91079294
-87.65597233	41.91079361
-87.65577599	41.91079487
-87.65553818	41.91079936
-87.65497725	41.91080951
-87.65457448	41.9108169
-87.65407963	41.9108241
-87.65372834	41.91082921
-87.65353282	41.91083239
-87.65336756	41.9108353
-87.65310748	41.91083988
-87.6527156	41.91084679
-87.65201385	41.91085818
-87.65165037	41.91086409
-87.65110572	41.91087378
-87.65091164	41.91087691
-87.65054811	41.91088337
-87.65003666	41.91089152
-87.64950135	41.91090049
-87.64878887	41.91091241
-87.64827157	41.91091962
-87.64776691	41.91092665
-87.647589	41.91092937
-87.64749414	41.91093083
-87.64732442	41.91093343
-87.64690187	41.9109399
-87.64657448	41.91094491
-87.64584459	41.91095561
-87.64540637	41.91096203
-87.64498484	41.91096821
-87.64435616	41.91098676
-87.64399619	41.91099738
-87.64362432	41.91100428
-87.64343058	41.91101776
-87.6430636	41.91104328
-87.64222471	41.91106172
-87.64149115	41.91107237
-87.64101649	41.91107925
-87.64043199	41.91108773
-87.63980636	41.9110968
-87.63942931	41.91110227
-87.63859246	41.91111452
-87.6376238	41.9111287
-87.63684688	41.91114006
-87.63666242	41.91114224
-87.63570119	41.91115356
-87.63505141	41.91116121
-87.63471085	41.91116141
-87.63315088	41.91116228
-87.63291311	41.91116241
-87.63253927	41.91116126
-87.6324746	41.91116106
-87.63237604	41.91116076
-87.63197398	41.91116379
-87.63168235	41.91118053
-87.63138197	41.91119777
-87.63126762	41.91119516
-87.63100571	41.91118918
-87.63093872	41.91119022
-87.63083069	41.91119188
-87.63058244	41.9111957
-87.63020702	41.91120156
-87.629972	41.91120522
-87.62913678	41.91121909
-87.62888562	41.91122301
-87.62850627	41.91122892
-87.62794389	41.91123779
-87.62783172	41.91123959
-87.62766308	41.9112423
-87.62717118	41.91124926
-87.62712454	41.91125142
-87.62710349	41.91125518
-87.62707567	41.91126016
-87.62700725	41.91128003
-87.62698509	41.91128661
-87.62694077	41.91130039
-87.62690299	41.9113136
-87.62686469	41.91133811
-87.62682719	41.91136744
-87.62678949	41.91140769
-87.62675884	41.91144194
-87.62673798	41.91147063
-87.62656614	41.91167346
-87.62652436	41.91159217
-87.6264581	41.91147053
-87.62640462	41.91137319
-87.62632295	41.91138166
-87.62617635	41.91139824
-87.62600255	41.9114181
-87.6257337	41.91144835
-87.62563248	41.91145976
-87.62470625	41.91156482
-87.62446477	41.911567