-87.60914088	41.8446925
-87.60937658	41.84515338
-87.60940949	41.84521773
-87.60940615	41.8452665
-87.61091655	41.84526645
-87.61112256	41.84526644
-87.6114106	41.84526655
-87.61158089	41.84526623
-87.61192963	41.84522518
-87.61240099	41.84516639
-87.6135011	41.84516643
-87.61400069	41.84516647
-87.61500079	41.84516622
-87.61499271	41.84510993
-87.61511264	41.84510687
-87.61596181	41.84509217
-87.6160084	41.84509312
-87.6160352	41.84509598
-87.61607353	41.84510423
-87.61610021	41.84511444
-87.6161394	41.84512805
-87.61616876	41.84514163
-87.61619627	41.84515917
-87.6162175	41.84517805
-87.6162378	41.84520024
-87.61625955	41.84523119
-87.61643789	41.84552605
-87.61645799	41.84555038
-87.61647764	41.84557188
-87.61650393	41.84559688
-87.61652627	41.84561787
-87.61655066	41.84563194
-87.61657183	41.84563904
-87.61659503	41.84564215
-87.61661825	41.84564328
-87.61666118	41.84564438
-87.61692091	41.84564451
-87.61720985	41.8456551
-87.61729852	41.84566818
-87.61767141	41.8457232
-87.61783988	41.84572626
-87.6188642	41.8457102
-87.6203306	41.84568719
-87.62048133	41.84568496
-87.62213773	41.84566047
-87.62339191	41.8456419
-87.6236362	41.84563828
-87.62407958	41.84563172
-87.62417259	41.84563049
-87.62446484	41.84562674
-87.62479326	41.84562202
-87.6253261	41.8456136
-87.6255389	41.84561024
-87.62579736	41.84560626
-87.62610277	41.84560095
-87.62613207	41.84560048
-87.62614382	41.84560028
-87.62618269	41.84559965
-87.62619208	41.8455995
-87.62626462	41.84559832
-87.62637709	41.84559649
-87.62675995	41.84558903
-87.62696087	41.84558511
-87.62723696	41.84557972
-87.62765212	41.84557629
-87.62791754	41.84557358
-87.62812269	41.84557079
-87.62846069	41.84556619
-87.628727	41.84556187
-87.62916818	41.84555661
-87.62918119	41.84591932
-87.6291883	41.84613084
-87.6291937	41.84642467
-87.62919338	41.84652426
-87.62918769	41.84660155
-87.62919243	41.84678292
-87.62919465	41.84694024
-87.62920072	41.84712706
-87.62919515	41.84750183
-87.62921229	41.84778193
-87.62922157	41.84796023
-87.62922418	41.8481168
-87.62922609	41.84833753
-87.62922611	41.84852277
-87.62923122	41.84870963
-87.62924993	41.84888845
-87.62925361	41.8490379
-87.62925968	41.84920965
-87.62926966	41.84949173
-87.62927287	41.84973457
-87.62927542	41.84997103
-87.62928273	41.85027467
-87.62928417	41.85034595
-87.6292873	41.8505006
-87.62929203	41.85067887
-87.62929889	41.85092304
-87.62930265	41.85107032
-87.62930743	41.85126882
-87.62931193	41.85149475
-87.62931649	41.85171476
-87.62932576	41.85202741
-87.62933001	41.85217593
-87.62933728	41.85243616
-87.62934972	41.85288176
-87.62970957	41.85287875
-87.6300613	41.85287715
-87.6301037	41.85329907
-87.63011376	41.8535275
-87.63012091	41.85371904
-87.63012466	41.85386177
-87.63013104	41.85412086
-87.63013254	41.85418007
-87.63013254	41.85418015
-87.63013632	41.85432907
-87.63014241	41.85453707
-87.63014866	41.85473085
-87.6301574	41.85496156
-87.63015778	41.85512243
-87.63015846	41.85541041
-87.63015867	41.85550197
-87.63017766	41.85591339
-87.63018285	41.85606933
-87.6301915	41.85632921
-87.63019744	41.85658643
-87.6302041	41.85687426
-87.63020714	41.85699171
-87.63021375	41.8572125
-87.63021869	41.85744576
-87.63022136	41.85756121
-87.63022246	41.85760867
-87.63022446	41.85769517
-87.63022641	41.85777915
-87.63067397	41.85776987
-87.63084708	41.8577662
-87.63092278	41.85776456
-87.63106826	41.8577614
-87.63136296	41.85775768
-87.63143913	41.85775691
-87.6318924	41.85775256
-87.63193477	41.85775216
-87.63220854	41.85775071
-87.63259434	41.85774419
-87.6330365	41.85773801
-87.63341043	41.85773142
-87.63375287	41.85772607
-87.63410189	41.85772011
-87.63441641	41.8577198
-87.63467747	41.85772361
-87.63493562	41.85772296
-87.63515816	41.8577221
-87.63512739	41.85787456
-87.63509305	41.85819962
-87.63479711	41.85887931
-87.63456411	41.85921541
-87.63450859	41.85938425
-87.63451472	41.86013252
-87.63451703	41.86041502
-87.63455183	41.86091679
-87.6345568	41.86098853
-87.6345568	41.86100271
-87.63455676	41.86106121
-87.63455676	41.86106359
-87.63455644	41.86166949
-87.634565	41.86193397
-87.63457776	41.86232769
-87.63457054	41.86290339
-87.63461928	41.86371793
-87.63463654	41.86425907
-87.63465911	41.86507905
-87.63467739	41.86564184
-87.63468182	41.86577837
-87.63469652	41.86631016
-87.63468593	41.86674615
-87.6347283	41.86726201
-87.63473402	41.86731466
-87.63445665	41.86731749
-87.63362818	41.86731906
-87.63361874	41.86731908
-87.63340052	41.86732448
-87.63302056	41.86733388
-87.63175476	41.86735005
-87.63158335	41.86735323
-87.63152871	41.86735424
-87.63057968	41.86737184
-87.6304352	41.86737399
-87.62994146	41.86738131
-87.62945102	41.86738627
-87.62886489	41.86739254
-87.62850166	41.8673983
-87.62847483	41.86739872
-87.62835789	41.86740057
-87.62791651	41.86740678
-87.62776526	41.86740885
-87.62741868	41.86741359
-87.62702183	41.86741911
-87.62666775	41.86742366
-87.62654636	41.86742514
-87.62630609	41.86742808
-87.62582986	41.86743186
-87.62563876	41.86743337
-87.62535905	41.86743839
-87.62481165	41.8674485
-87.62442668	41.86745511
-87.62413151	41.86745659
-87.62402371	41.86745712
-87.62353645	41.8674676
-87.62336549	41.86747191
-87.62317851	41.86747662
-87.62283265	41.86748123
-87.62255587	41.86748422
-87.62253199	41.86748447
-87.62243567	41.86748551
-87.62184922	41.867492
-87.62158134	41.86749581
-87.62124471	41.86750061
-87.6209931	41.86750462
-87.62086219	41.86750671
-87.62083869	41.86750708
-87.62040042	41.86751255
-87.61994543	41.86752177
-87.61921454	41.86753746
-87.61896156	41.86750286
-87.61889093	41.86758724
-87.61883837	41.86765003
-87.61858877	41.86793887
-87.6185414	41.86798988
-87.61660247	41.8681662
-87.61535246	41.86830428
-87.61473988	41.86832438
-87.61465969	41.86836087
-87.61464981	41.86836476
-87.6145963	41.86838582
-87.61457665	41.86839355
-87.61453492	41.86840756
-87.614491	41.8684223
-87.61445409	41.86843267
-87.61440312	41.868447
-87.61435378	41.86845827
-87.61431335	41.86846751
-87.61422204	41.86848379
-87.61419802	41.86848696
-87.61413894	41.86849477
-87.61397221	41.868503
-87.61384685	41.8685059
-87.61380515	41.86850686
-87.61377715	41.86850677
-87.61363803	41.86850634
-87.61353469	41.86850328
-87.61347107	41.86850139
-87.61330442	41.86849209
-87.61329518	41.86849146
-87.61321564	41.86847771
-87.61321412	41.86847745
-87.61320733	41.86847589
-87.61313458	41.86845919
-87.61309742	41.86844847
-87.61305696	41.86843681
-87.61298195	41.86841049
-87.61298163	41.86841037
-87.61290902	41.86838003
-87.61283943	41.86834592
-87.61280652	41.8683272
-87.61277325	41.86830827
-87.61271492	41.86826993
-87.61271075	41.86826718
-87.61270101	41.8682598
-87.61267566	41.86824061
-87.61265232	41.86822293
-87.61261771	41.86819273
-87.61259818	41.86817569
-87.61257422	41.8681515
-87.61255689	41.86813401
-87.61254866	41.86812571
-87.61253011	41.86810393
-87.61250398	41.86807326
-87.61246436	41.8680186
-87.61244946	41.86799534
-87.61241808	41.86794163
-87.61241596	41.867938
-87.61238795	41.86787901
-87.61237172	41.86783535
-87.61236553	41.86781872
-87.61234882	41.86775739
-87.61234626	41.86774294
-87.61233834	41.86769775
-87.61233791	41.86769535
-87.61233776	41.86769342
-87.61233372	41.86764401
-87.61233282	41.86763289
-87.61233322	41.86760166
-87.61233322	41.86760164
-87.61233363	41.86757046
-87.61233363	41.86757044
-87.61233363	41.86757034
-87.61233363	41.86757033
-87.61234028	41.86750795
-87.61234028	41.86750794
-87.61234728	41.86747334
-87.6123528	41.86744605
-87.61236192	41.86741554
-87.61237107	41.86738499
-87.61239275	41.86733066
-87.61239409	41.86732734
-87.61239502	41.86732502
-87.61242453	41.86726645
-87.61245349	41.8672193
-87.61245946	41.86720959
-87.61248598	41.86717232
-87.6125012	41.86715402
-87.61251315	41.86713964
-87.61253083	41.86711838
-87.61253444	41.86711404
-87.61256814	41.86707877
-87.61258779	41.8670582
-87.6126458	41.86700502
-87.61268931	41.86696932
-87.61268931	41.86696929
-87.61268931	41.86696927
-87.61268893	41.86691472
-87.61268893	41.8669147
-87.61268857	41.86686081
-87.61268857	41.86686079
-87.61268784	41.86675311
-87.61268784	41.86675309
-87.61065553	41.86678047
-87.61064987	41.86679154
-87.61064866	41.8667939
-87.61063671	41.86680516
-87.61062362	41.8668118
-87.6106208	41.86681323
-87.6106208	41.86681323
-87.61062069	41.86681326
-87.61060239	41.86681737
-87.61058382	41.86681726
-87.60958431	41.86682992
-87.60813207	41.86685331
-87.60787862	41.8668568
-87.60774861	41.8668586
-87.6077298	41.86687778
-87.60771858	41.86688922
-87.60769959	41.86690859
-87.60764593	41.86695589
-87.60764592	41.86695589
-87.60758797	41.8670002
-87.60755946	41.86701912
-87.60752593	41.86704136
-87.60746016	41.86707911
-87.60741564	41.86710112
-87.60740282	41.86710746
-87.60740008	41.86710881
-87.60739097	41.86711331
-87.60731874	41.86714375
-87.6072438	41.86717031
-87.60716652	41.86719282
-87.60708731	41.8672112
-87.60700656	41.86722534
-87.60698875	41.86722748
-87.60692465	41.86723517
-87.60690884	41.86723622
-87.60684206	41.86724066
-87.60679579	41.86724127
-87.60675915	41.86724175
-87.60667632	41.86723845
-87.60659402	41.86723077
-87.60652638	41.86722081
-87.60651265	41.86721879
-87.60643262	41.8672025
-87.60635432	41.86718203
-87.60627816	41.86715748
-87.60620455	41.86712897
-87.60614666	41.86710251
-87.60614001	41.86709947
-87.60613926	41.86709912
-87.6061338	41.86709663
-87.60606629	41.86706061
-87.60603284	41.86703996
-87.60600234	41.86702113
-87.6059887	41.86701141
-87.60594228	41.86697835
-87.60588645	41.86693252
-87.60583509	41.86688384
-87.60578849	41.86683259
-87.60574684	41.86677897
-87.60571036	41.86672328
-87.60567925	41.86666581
-87.60566099	41.8666238
-87.60565363	41.86660687
-87.60563876	41.86656201
-87.60563368	41.8665467
-87.60563322	41.86654468
-87.60561951	41.8664856
-87.6056111	41.86642394
-87.60560857	41.86636198
-87.60560857	41.86636196
-87.60560992	41.8663371
-87.60560992	41.86633708
-87.60561192	41.86630004
-87.60561192	41.86630002
-87.60562114	41.86623841
-87.60563615	41.86617745
-87.60564603	41.86614887
-87.60565691	41.86611742
-87.60568327	41.86605865
-87.60569919	41.86603005
-87.60571513	41.86600141
-87.60575236	41.86594602
-87.60579471	41.86589272
-87.60579484	41.86589258
-87.60579566	41.8658917
-87.60584202	41.86584178
-87.605894	41.86579351
-87.60595047	41.86574807
-87.60597383	41.86573175
-87.60601104	41.86570575
-87.60605109	41.86568087
-87.60604521	41.86492445
-87.60604521	41.86492443
-87.60604509	41.86490804
-87.60604509	41.86490802
-87.60604509	41.86490796
-87.60604509	41.86490794
-87.60604521	41.86485856
-87.60604521	41.86485855
-87.60604521	41.86485851
-87.60604521	41.86485849
-87.60604521	41.86485815
-87.60604521	41.86485813
-87.60604539	41.86479364
-87.60604539	41.86479362
-87.60628026	41.86478574
-87.60629245	41.86478533
-87.60629256	41.86478533
-87.60629256	41.86478535
-87.60629444	41.86485592
-87.60629444	41.86485594
-87.60629482	41.86486999
-87.60629482	41.86487001
-87.60629656	41.86493451
-87.60630767	41.86495541
-87.60631345	41.86496628
-87.60633569	41.8649962
-87.60634803	41.86500871
-87.60636284	41.86502373
-87.60638692	41.86504309
-87.60647206	41.8651045
-87.60650147	41.86512688
-87.60650596	41.86513039
-87.60652454	41.8651449
-87.60652485	41.86515178
-87.60652522	41.86516021
-87.60653899	41.86517801
-87.60654085	41.8651804
-87.60656124	41.86519806
-87.60658571	41.86521257
-87.60661318	41.86522329
-87.60661331	41.86522334
-87.60661338	41.86522337
-87.60664326	41.86523014
-87.60666489	41.86523187
-87.60667429	41.86523262
-87.60674136	41.86521965
-87.60680676	41.86520247
-87.60683222	41.86519391
-87.60686996	41.86518122
-87.60693049	41.86515603
-87.60695345	41.86514449
-87.60698802	41.86512711
-87.60704202	41.86509466
-87.60705497	41.86508543
-87.60709217	41.86505891
-87.60711255	41.8650425
-87.60713521	41.86502469
-87.60718059	41.86498906
-87.60718086	41.86498882
-87.6072443	41.86493265
-87.60730338	41.86487356
-87.60732822	41.86484534
-87.60735768	41.86481191
-87.60740697	41.86474798
-87.60743006	41.86471342
-87.60745108	41.86468196
-87.607462	41.86466358
-87.60747192	41.86464691
-87.60749248	41.86459841
-87.60750987	41.86455738
-87.60754221	41.86446661
-87.60755036	41.86443851
-87.60755245	41.86443133
-87.60756068	41.86440286
-87.6075688	41.86437482
-87.60757256	41.86435994
-87.60757282	41.86435672
-87.6075793	41.86427396
-87.60757982	41.86422002
-87.60757982	41.86422001
-87.60758013	41.86418781
-87.60758013	41.86418779
-87.60757512	41.86410173
-87.60756466	41.86401955
-87.60756423	41.86401598
-87.60755058	41.86394644
-87.6075475	41.86393075
-87.60752503	41.86384625
-87.60751339	41.86381181
-87.60749679	41.86376273
-87.60749098	41.86374794
-87.60748052	41.86372133
-87.60745079	41.86364984
-87.60743388	41.86360918
-87.60733424	41.86336952
-87.60726641	41.86319928
-87.60719359	41.86301643
-87.60714375	41.86288624
-87.60710659	41.86278918
-87.60708687	41.86273766
-87.60700285	41.86249626
-87.60699391	41.8624629
-87.60699031	41.86244948
-87.60697702	41.86241051
-87.60695778	41.86237916
-87.60695489	41.86237442
-87.60691879	41.86234639
-87.60687838	41.86233252
-87.60684452	41.86232723
-87.60683462	41.86232316
-87.6068067	41.86231168
-87.60679035	41.86227442
-87.60679011	41.86227341
-87.60678356	41.86224526
-87.60677218	41.86221923
-87.60676936	41.86221383
-87.60676528	41.86220604
-87.60675472	41.86219635
-87.60675333	41.86219507
-87.60675327	41.86219504
-87.60673748	41.86218734
-87.60673103	41.86218601
-87.60671924	41.86218357
-87.60671407	41.86218329
-87.60668891	41.86218135
-87.6066796	41.86217916
-87.60665002	41.86217219
-87.60664105	41.86216958
-87.60662434	41.86216472
-87.60657795	41.86218429
-87.60653157	41.86220385
-87.60653151	41.86220378
-87.60647251	41.86213697
-87.60641303	41.86206962
-87.60641301	41.86206959
-87.60608594	41.86207407
-87.60608572	41.86207407
-87.60608175	41.86206111
-87.60608027	41.86205629
-87.60608018	41.86205627
-87.606042	41.86205151
-87.60602932	41.86203288
-87.60602217	41.8620127
-87.60602101	41.86200547
-87.60601997	41.86197708
-87.60601997	41.86197706
-87.60601368	41.86180337
-87.60601368	41.86180335
-87.60600507	41.86156554
-87.60600507	41.86156552
-87.60600052	41.86143993
-87.60600052	41.86143991
-87.60599439	41.86127049
-87.60599439	41.86127047
-87.60599123	41.86115409
-87.60599123	41.86115407
-87.60598953	41.86109128
-87.60598953	41.86109126
-87.60598007	41.86074241
-87.60598007	41.86074239
-87.60597521	41.86056242
-87.60597521	41.8605624
-87.60597343	41.86049632
-87.60597342	41.8604963
-87.60597101	41.86038309
-87.60597101	41.86038307
-87.6059699	41.8603309
-87.6059699	41.86033088
-87.60596795	41.86023777
-87.60596795	41.86023776
-87.6059646	41.86008031
-87.6059646	41.86008029
-87.60596459	41.86008026
-87.60596459	41.86008024
-87.60641761	41.8600687
-87.60683766	41.86005693
-87.60707239	41.85995838
-87.60706889	41.85990798
-87.60704018	41.85949662
-87.60703556	41.85943036
-87.6070115	41.8590853
-87.6070112	41.85908104
-87.60701083	41.85907585
-87.60698375	41.85871987
-87.60698025	41.85867393
-87.6069762	41.85862067
-87.60694893	41.85826264
-87.60694613	41.8582258
-87.60694206	41.8581724
-87.60691938	41.85785836
-87.60691886	41.8578512
-87.60691093	41.85774147
-87.60688912	41.85743984
-87.60688487	41.85738078
-87.60687838	41.85730209
-87.60686722	41.85716687
-87.60685707	41.85702857
-87.60685707	41.85702855
-87.60685542	41.85700596
-87.60682693	41.85661718
-87.60681827	41.85649893
-87.6068137	41.85643661
-87.60680934	41.85638286
-87.60679495	41.85620578
-87.6067615	41.8557944
-87.60675878	41.85576093
-87.60675435	41.85570659
-87.6067476	41.85562815
-87.60673188	41.85538312
-87.6067054	41.85497168
-87.60670046	41.85489459
-87.60669698	41.85484031
-87.60667688	41.85456032
-87.60664921	41.85417417
-87.6066474	41.85414894
-87.60664049	41.85405271
-87.60662585	41.85386079
-87.60662481	41.85384486
-87.60661785	41.85373766
-87.6066167	41.85372006
-87.60660685	41.85356795
-87.60659666	41.85341071
-87.60659656	41.85341072
-87.60651329	41.85341502
-87.60651249	41.85339735
-87.60651173	41.85338057
-87.60651118	41.85336831
-87.60651074	41.8533586
-87.60651074	41.85335858
-87.60689621	41.85332317
-87.6075034	41.85326738
-87.60767314	41.85325393
-87.6078382	41.85324085
-87.60839363	41.85319504
-87.60854445	41.85318466
-87.60867641	41.85317558
-87.60874914	41.85317102
-87.60875836	41.85317045
-87.60884059	41.85316968
-87.60892265	41.85317332
-87.6090042	41.85318133
-87.60905306	41.85318881
-87.60908474	41.85319366
-87.60916394	41.85321024
-87.6092413	41.85323104
-87.60931653	41.85325588
-87.60938917	41.85328469
-87.60941345	41.85329604
-87.60941619	41.85329732
-87.60945888	41.85331729
-87.60948416	41.85333108
-87.60952531	41.85335352
-87.60954228	41.85336425
-87.60958811	41.85339322
-87.60959768	41.85340005
-87.6096306	41.85342359
-87.60968327	41.85346591
-87.60971652	41.85349705
-87.60973151	41.85351108
-87.60973479	41.85351468
-87.60977505	41.85355886
-87.60981358	41.85360899
-87.60984694	41.85366115
-87.60986932	41.85370432
-87.6098713	41.85370812
-87.60987489	41.85371503
-87.60989728	41.85377039
-87.60991401	41.8538268
-87.60991419	41.85382752
-87.60991436	41.85382823
-87.60991919	41.85385709
-87.60992306	41.85388018
-87.6099247	41.85390966
-87.60992596	41.85393248
-87.60992596	41.85393249
-87.60992596	41.8539325
-87.60992313	41.85398157
-87.60992313	41.85398158
-87.60992295	41.85398476
-87.60991537	41.85402927
-87.6099141	41.85403668
-87.60991075	41.85405044
-87.6098982	41.85411559
-87.60986486	41.85428886
-87.60984007	41.85441767
-87.60983771	41.85442953
-87.60981812	41.85452812
-87.60980433	41.85459752
-87.60973617	41.85494059
-87.60971794	41.85503239
-87.60971631	41.8550406
-87.6097013	41.85511617
-87.60967778	41.85523632
-87.60965491	41.85535314
-87.60961071	41.855579
-87.60957421	41.85576556
-87.60955033	41.85588767
-87.60950795	41.85610638
-87.60949405	41.85617812
-87.60947183	41.85629273
-87.60944962	41.85640734
-87.60944694	41.85641909
-87.60944069	41.8564465
-87.60944069	41.85644652
-87.60942606	41.85648467
-87.60940586	41.85652142
-87.60940286	41.85652597
-87.60940026	41.85652992
-87.6093905	41.85654758
-87.60937519	41.85657532
-87.60936862	41.85659111
-87.60936431	41.85660148
-87.60935568	41.8566222
-87.60934182	41.8566702
-87.60933395	41.85671766
-87.60933374	41.85671891
-87.60933374	41.85671893
-87.60933372	41.85671929
-87.60933372	41.85671931
-87.60933154	41.85676799
-87.60933338	41.85679265
-87.6093352	41.85681703
-87.60933969	41.85684001
-87.60934468	41.8568656
-87.60935557	41.85689965
-87.60935996	41.85691337
-87.60938087	41.85695993
-87.60940579	41.85700241
-87.60940723	41.85700489
-87.60943887	41.85704792
-87.60943938	41.85704853
-87.60946418	41.85707841
-87.60953453	41.85713272
-87.60957265	41.85716578
-87.60960054	41.85718997
-87.60961483	41.85720393
-87.60966201	41.85725002
-87.60969844	41.85729026
-87.60971868	41.85731261
-87.60977044	41.85737757
-87.60979302	41.85741006
-87.60980268	41.85742396
-87.60981704	41.85744463
-87.60985056	41.8575006
-87.60985836	41.85751363
-87.60989424	41.8575843
-87.60992459	41.85765642
-87.60993752	41.85769481
-87.60994928	41.85772974
-87.60996823	41.85780398
-87.60997071	41.85781632
-87.60997142	41.85781989
-87.60997358	41.85783052
-87.60998839	41.85799045
-87.6099921	41.8580305
-87.6099921	41.85803052
-87.60999365	41.85807826
-87.60999365	41.85807828
-87.60999379	41.85808257
-87.60999379	41.85808259
-87.60999379	41.8580826
-87.60998961	41.8581346
-87.60998681	41.858149
-87.60997959	41.85818616
-87.60996546	41.85823168
-87.60996382	41.85823691
-87.60994238	41.85828648
-87.60994158	41.85828805
-87.60994039	41.85829041
-87.60990542	41.8583866
-87.60988973	41.85843694
-87.60987979	41.85848809
-87.60987572	41.85853971
-87.60987573	41.85853972
-87.60987573	41.85853973
-87.6098767	41.85856813
-87.6098767	41.85856815
-87.60987749	41.85859136
-87.60988275	41.85862672
-87.60988514	41.85864273
-87.60988552	41.85864413
-87.60989859	41.85869345
-87.60990738	41.85871623
-87.60991774	41.8587431
-87.6099279	41.85876295
-87.60994245	41.85879139
-87.60996789	41.85883066
-87.60997258	41.8588379
-87.61000654	41.85888074
-87.61000772	41.85888222
-87.61000783	41.85888236
-87.61004803	41.85892444
-87.61005857	41.85893402
-87.61007358	41.85894768
-87.61014645	41.85900381
-87.61016794	41.85902036
-87.61017453	41.85902526
-87.61021112	41.8590525
-87.61022109	41.85905994
-87.61024649	41.8590761
-87.61027824	41.85909631
-87.61032472	41.85912195
-87.61034652	41.85913365
-87.61036095	41.85914139
-87.61037029	41.85914795
-87.61039344	41.85916421
-87.61042167	41.85919002
-87.61042605	41.85919532
-87.6104451	41.85921838
-87.61045927	41.85924198
-87.61046337	41.85924882
-87.61047612	41.85928076
-87.61048164	41.85930416
-87.610482	41.85930571
-87.610482	41.85930573
-87.610482	41.85930577
-87.610482	41.85930579
-87.61048204	41.85934803
-87.61047621	41.85939012
-87.61046458	41.85943154
-87.61045276	41.85946055
-87.61045274	41.85946059
-87.6104522	41.85946165
-87.61042206	41.85952051
-87.61041323	41.85954207
-87.61039692	41.85958188
-87.61037746	41.85964438
-87.61036375	41.85970777
-87.61035984	41.85973563
-87.61035812	41.85974788
-87.61035812	41.8597479
-87.61035747	41.85980584
-87.61036265	41.85986366
-87.61036385	41.85986991
-87.61036467	41.85987416
-87.61037368	41.85992103
-87.61038885	41.85997223
-87.61039006	41.8599763
-87.6103922	41.85998262
-87.61042573	41.86008135
-87.61043181	41.86009177
-87.61044067	41.86010697
-87.61045514	41.8601239
-87.61046078	41.8601305
-87.61048555	41.8601514
-87.61049719	41.86015856
-87.61051442	41.86016915
-87.610534	41.86017775
-87.6105466	41.86018329
-87.6105814	41.8601935
-87.6106036	41.8601977
-87.61066811	41.8602059
-87.61066811	41.86020592
-87.61066811	41.86020602
-87.61066811	41.86020604
-87.61066864	41.86024077
-87.61066864	41.86024079
-87.61066904	41.86026743
-87.61066904	41.86026745
-87.61066927	41.86028269
-87.61066927	41.86028271
-87.61067485	41.86065092
-87.6106747	41.86065093
-87.61063631	41.86065373
-87.61061057	41.86065861
-87.61059879	41.86066085
-87.61058599	41.8606649
-87.61056312	41.86067215
-87.61053017	41.86068731
-87.61051667	41.86069587
-87.61050063	41.86070606
-87.61048307	41.86072116
-87.61047523	41.86072791
-87.61047218	41.86073152
-87.61045451	41.86075236
-87.61044659	41.86076592
-87.61043902	41.86077889
-87.61043122	41.86080068
-87.61042901	41.86080684
-87.61042563	41.86082992
-87.61042479	41.86083563
-87.61042479	41.86083565
-87.61042479	41.86083565
-87.61042481	41.86083792
-87.61042481	41.86083794
-87.61042486	41.86084938
-87.61042468	41.86084938
-87.61034789	41.86084821
-87.61034789	41.86084823
-87.61035428	41.86110931
-87.61035428	41.86110933
-87.61035601	41.86118047
-87.61035601	41.86118048
-87.61036128	41.8613964
-87.61036117	41.8613964
-87.61028472	41.86139828
-87.61028466	41.86139838
-87.61020697	41.86152243
-87.61009343	41.8617038
-87.61008381	41.86172044
-87.61003622	41.86180273
-87.60998447	41.86190331
-87.60996941	41.86193658
-87.60994799	41.86198384
-87.60993824	41.86200538
-87.60989761	41.86210877
-87.60988909	41.86213296
-87.60988266	41.86215121
-87.60981985	41.8623498
-87.60977755	41.86248347
-87.60977623	41.86248765
-87.60977623	41.86248765
-87.60979864	41.86249226
-87.60979864	41.86249228
-87.60979179	41.86252002
-87.6097384	41.86273645
-87.60973516	41.86275332
-87.60973345	41.86276224
-87.60972392	41.86281203
-87.60971336	41.86286719
-87.60970041	41.86295565
-87.60969415	41.86299846
-87.60968081	41.86313016
-87.6096808	41.86313018
-87.60968017	41.86314085
-87.60968017	41.86314086
-87.60967817	41.86317452
-87.60967817	41.86317454
-87.60967576	41.86321501
-87.60967576	41.86321503
-87.60967392	41.8632459
-87.60965726	41.86324812
-87.60965726	41.86324814
-87.60965503	41.86328356
-87.60965476	41.86328779
-87.60965473	41.86328779
-87.60963939	41.86328884
-87.60962783	41.86328962
-87.60962783	41.86328964
-87.60962824	41.86337387
-87.6096524	41.86337699
-87.6096524	41.86337701
-87.60965045	41.86340324
-87.60963702	41.86340381
-87.60960535	41.86340515
-87.60960535	41.86340517
-87.60960535	41.86340531
-87.60960748	41.86344288
-87.60961119	41.86350845
-87.6096114	41.86350845
-87.60964509	41.86350771
-87.60964908	41.86354736
-87.60965301	41.86358643
-87.60965637	41.86361987
-87.60965737	41.86362979
-87.60966065	41.86365188
-87.60967545	41.86375148
-87.60969609	41.86385598
-87.60969914	41.86387141
-87.60972246	41.86399744
-87.60973986	41.86409143
-87.60974966	41.8641243
-87.60976388	41.86417204
-87.60978079	41.86421734
-87.60979357	41.86425159
-87.60981014	41.86428989
-87.60981131	41.86429259
-87.60981764	41.86430762
-87.60985359	41.864393
-87.60985976	41.86440766
-87.60987588	41.86444593
-87.60988504	41.86446768
-87.60988508	41.86446766
-87.60989242	41.86446532
-87.60989433	41.86446471
-87.60989447	41.86446466
-87.60996908	41.86462946
-87.60996908	41.86462946
-87.60996907	41.86462946
-87.60996755	41.86463001
-87.60995548	41.86463434
-87.60995549	41.86463435
-87.61002511	41.8647696
-87.61005195	41.86481741
-87.61010018	41.86490325
-87.61018064	41.86503513
-87.6101906	41.86505026
-87.6102608	41.86515695
-87.61029337	41.86520581
-87.61030712	41.86522643
-87.61033917	41.86527449
-87.61037088	41.86532203
-87.61037098	41.86532202
-87.61042158	41.86531864
-87.610441	41.86531885
-87.61044764	41.86531892
-87.61045178	41.86535104
-87.61045628	41.86538607
-87.61046629	41.86558505
-87.61047263	41.86571114
-87.61047463	41.86575083
-87.61047916	41.86584059
-87.61048037	41.86586451
-87.61048037	41.86586465
-87.61117451	41.86586107
-87.61157844	41.86585899
-87.6119815	41.86585298
-87.61266899	41.86584273
-87.61266355	41.86568004
-87.61266355	41.86568002
-87.61265014	41.86527894
-87.61265014	41.86527892
-87.61265014	41.86527892
-87.61267864	41.86528187
-87.61274108	41.86528832
-87.61276268	41.86524589
-87.61278556	41.86520092
-87.61283037	41.86511296
-87.61284683	41.86508064
-87.61289881	41.86497214
-87.61294705	41.86487142
-87.61295741	41.86484839
-87.61298489	41.86478724
-87.61301156	41.86472792
-87.61304175	41.86466079
-87.61313084	41.86444878
-87.6131609	41.86437372
-87.61316091	41.86437372
-87.61316389	41.86436625
-87.61318816	41.86430795
-87.61321026	41.86425485
-87.61325102	41.86414223
-87.61325506	41.86412912
-87.61328604	41.86402856
-87.61329407	41.86399942
-87.61329796	41.86398338
-87.61330347	41.86396062
-87.61338724	41.86361431
-87.61340229	41.86355209
-87.61340329	41.86354788
-87.61342401	41.86346178
-87.61342724	41.86344329
-87.6134399	41.86337077
-87.61344643	41.86331139
-87.61344995	41.86327931
-87.61345418	41.86318762
-87.61345418	41.8631876
-87.61345426	41.86317377
-87.61345426	41.86317375
-87.6134543	41.86316674
-87.6134543	41.86316672
-87.61345538	41.86313571
-87.61345538	41.86313569
-87.61345699	41.8630909
-87.61345699	41.8630909
-87.61345699	41.86309088
-87.61345549	41.86305565
-87.61345376	41.86301507
-87.61345222	41.86300219
-87.61344473	41.86293951
-87.61343406	41.8628858
-87.61342983	41.8628645
-87.61342909	41.86286147
-87.61342741	41.86285455
-87.613394	41.86273335
-87.61339116	41.86272463
-87.61335489	41.86261313
-87.61332404	41.86253109
-87.61331008	41.86249399
-87.61325964	41.86237614
-87.61324579	41.86234731
-87.61323012	41.86231473
-87.61320365	41.86225968
-87.61316681	41.86218942
-87.61311729	41.8620903
-87.61310114	41.86205797
-87.61303002	41.8619281
-87.61301865	41.86190907
-87.61301636	41.86190524
-87.61301167	41.86189739
-87.61295348	41.86179996
-87.61292192	41.86175127
-87.6128716	41.86167368
-87.61278453	41.86154939
-87.61276723	41.86152648
-87.61274449	41.86149637
-87.61270406	41.86144282
-87.61269225	41.86142719
-87.61267741	41.86140854
-87.61264823	41.86137186
-87.61264811	41.86137186
-87.61257952	41.86137266
-87.61256129	41.86137288
-87.61256111	41.86137288
-87.61255447	41.86108913
-87.61255447	41.86108911
-87.61255441	41.86108674
-87.61255441	41.86108672
-87.61254825	41.86082482
-87.61254825	41.8608248
-87.61254818	41.8608248
-87.61251637	41.86082612
-87.61247142	41.86082799
-87.61246548	41.86078775
-87.61246499	41.86078487
-87.61246307	41.86077347
-87.61245503	41.86076041
-87.61245348	41.86075875
-87.61245307	41.86075831
-87.61241762	41.86070518
-87.61238992	41.86068404
-87.61238613	41.86068189
-87.61237701	41.86067674
-87.61235833	41.8606662
-87.61232358	41.86065201
-87.61228644	41.86064184
-87.61225929	41.86063768
-87.61224763	41.86063589
-87.61220811	41.8606343
-87.6122058	41.86063434
-87.61220293	41.8606344
-87.61220286	41.8606344
-87.61220524	41.86046111
-87.61220524	41.86046109
-87.61220535	41.86046109
-87.612342	41.8604565
-87.61239033	41.86045488
-87.61239052	41.86045487
-87.61239089	41.86044138
-87.61239089	41.86044136
-87.61239192	41.86040391
-87.61239192	41.8604039
-87.6123933	41.86035375
-87.6123933	41.86035374
-87.6123933	41.86035373
-87.6123933	41.86035371
-87.61220381	41.86035389
-87.61220373	41.86035389
-87.61220386	41.8603454
-87.61220386	41.86034538
-87.6121961	41.86034541
-87.61215038	41.86034554
-87.61215139	41.8603077
-87.61215139	41.86030768
-87.61215221	41.86027677
-87.61215221	41.86027676
-87.61215247	41.86026747
-87.61215247	41.86026745
-87.61215253	41.86026511
-87.61215253	41.86026509
-87.61218663	41.86026501
-87.61218473	41.86021558
-87.61218473	41.86021556
-87.61218317	41.86017513
-87.61218317	41.86017511
-87.61218331	41.86017508
-87.61218956	41.86017399
-87.61231562	41.8601519
-87.6124086	41.86008383
-87.61244271	41.85998767
-87.61244271	41.85998766
-87.61243652	41.85993055
-87.6124354	41.85992016
-87.61243298	41.85990782
-87.61242227	41.85985315
-87.61242224	41.85985298
-87.61240334	41.85978692
-87.61240213	41.85978339
-87.61239772	41.8597705
-87.61236576	41.85968161
-87.61235188	41.85963898
-87.61234264	41.85961937
-87.61233238	41.85959759
-87.61231533	41.85956935
-87.61227631	41.85948746
-87.61225846	41.85944309
-87.61224285	41.85940421
-87.61221884	41.85933249
-87.61220091	41.85926526
-87.61220091	41.85926524
-87.6121992	41.85924343
-87.61218264	41.85903224
-87.61217465	41.85893054
-87.61216756	41.85873727
-87.61216755	41.85873725
-87.61216501	41.85866785
-87.61216501	41.85866784
-87.61216501	41.85866783
-87.61217095	41.85864501
-87.61217732	41.85862059
-87.6121868	41.85858435
-87.61219719	41.85857419
-87.6122653	41.85850761
-87.61234415	41.85849745
-87.61240293	41.85848987
-87.61253911	41.85849419
-87.612544	41.85849112
-87.61263859	41.85843191
-87.61272221	41.85836067
-87.61272455	41.85835867
-87.61272472	41.85835852
-87.61273686	41.85834259
-87.61276675	41.85830338
-87.61278602	41.85827344
-87.61280355	41.8582462
-87.61281333	41.85822789
-87.61282702	41.85820225
-87.61283501	41.85818726
-87.61286094	41.85812683
-87.61287057	41.8580998
-87.61288881	41.85805685
-87.61289268	41.85804775
-87.61292211	41.85797842
-87.61296802	41.85785576
-87.61298973	41.85778886
-87.61300821	41.857732
-87.61303703	41.85762811
-87.61304176	41.85761106
-87.61305574	41.85750972
-87.6130564	41.85750349
-87.61306333	41.85737644
-87.61306333	41.85737642
-87.61306353	41.85737272
-87.61306353	41.8573727
-87.61306966	41.85726073
-87.61306966	41.85726071
-87.61307048	41.85718447
-87.61307048	41.85718445
-87.61306542	41.85710827
-87.61305849	41.85706002
-87.61305453	41.85703246
-87.61304879	41.85700352
-87.61304016	41.85696505
-87.61304004	41.85696449
-87.61303957	41.85696238
-87.61300996	41.85685932
-87.61298307	41.85678165
-87.61297462	41.85675725
-87.61295703	41.85671395
-87.61293365	41.85665639
-87.61289918	41.85658151
-87.6128918	41.85655492
-87.61287751	41.85650349
-87.61287707	41.85650131
-87.61286166	41.85642468
-87.61285413	41.85636752
-87.61285259	41.85635583
-87.61284146	41.85633117
-87.6128185	41.85628031
-87.61277888	41.8562063
-87.61274055	41.85614475
-87.61273812	41.85614085
-87.61273388	41.85613403
-87.61268364	41.85606374
-87.61262829	41.85599562
-87.61262828	41.85599561
-87.61256798	41.85592986
-87.61250294	41.85586672
-87.61247612	41.85584262
-87.61240027	41.85577903
-87.61236572	41.8557529
-87.6123448	41.85573708
-87.61233642	41.85573074
-87.61232012	41.85571843
-87.6122359	41.85566101
-87.61214786	41.85560689
-87.61214574	41.85560567
-87.61193107	41.85547207
-87.61170606	41.85533205
-87.61149267	41.85519926
-87.61144094	41.85516117
-87.61142609	41.85515024
-87.61136376	41.8550982
-87.61130594	41.85504334
-87.61125285	41.85498587
-87.61123349	41.85496182
-87.61120466	41.85492601
-87.6112043	41.85492549
-87.6111753	41.85488372
-87.61116161	41.854864
-87.61112422	41.85480078
-87.61109027	41.85472856
-87.61106567	41.85466468
-87.61106195	41.85465503
-87.61103926	41.85458038
-87.61103196	41.85454772
-87.6110248	41.85451569
-87.61102246	41.85450525
-87.61102238	41.85450489
-87.61101131	41.85442877
-87.61101081	41.85442285
-87.61100749	41.85438341
-87.61101082	41.85428666
-87.61101082	41.85428665
-87.61100827	41.85418989
-87.61100827	41.85418987
-87.61100083	41.85410428
-87.61100039	41.85409916
-87.61099989	41.8540933
-87.61099982	41.85409286
-87.61098471	41.85396411
-87.61096377	41.85383583
-87.61095094	41.85377468
-87.61093698	41.85370816
-87.61093512	41.85370094
-87.61093318	41.8536934
-87.61091178	41.85360997
-87.61090442	41.85358125
-87.61089434	41.85354807
-87.61086612	41.85345521
-87.61086481	41.8534512
-87.61084977	41.85340794
-87.61083968	41.85337891
-87.61082111	41.85332546
-87.610812	41.85330248
-87.6108043	41.85328306
-87.61077178	41.85320091
-87.61073546	41.85311946
-87.61071688	41.85307779
-87.61071683	41.85307768
-87.61068711	41.85301783
-87.61065635	41.85295589
-87.61064051	41.852927
-87.61061114	41.85287342
-87.61061111	41.85287336
-87.61060433	41.85286102
-87.6106043	41.85286097
-87.61059042	41.85283569
-87.6105597	41.8527847
-87.61051908	41.85271727
-87.6104967	41.85268245
-87.61048366	41.85266216
-87.61037574	41.85250841
-87.61037318	41.85250477
-87.61037252	41.85250387
-87.61034317	41.85246446
-87.61025893	41.85235134
-87.61025755	41.85234948
-87.61025749	41.85234941
-87.61021974	41.85230153
-87.61013683	41.85219639
-87.61010035	41.85215262
-87.61001992	41.85205614
-87.61001697	41.85205259
-87.61001109	41.85204554
-87.60991944	41.8519406
-87.60973548	41.85171676
-87.60967895	41.85164798
-87.60961631	41.85157175
-87.60949215	41.85142067
-87.60943753	41.85135293
-87.60942058	41.851329
-87.609388	41.85128299
-87.60936981	41.8512535
-87.60936125	41.8512396
-87.60934373	41.85121115
-87.60930489	41.85113755
-87.60927156	41.85106247
-87.60924383	41.85098612
-87.6092218	41.85090873
-87.60922178	41.85090863
-87.60920672	41.85083604
-87.60920558	41.85083055
-87.60920544	41.85082951
-87.60919658	41.85076576
-87.60918826	41.85068653
-87.60918719	41.85065179
-87.60918582	41.85060707
-87.60918864	41.85054165
-87.60918925	41.85052765
-87.60919182	41.85050573
-87.60919855	41.85044845
-87.60920107	41.85043528
-87.60920443	41.85041775
-87.60920445	41.85041769
-87.60920446	41.85041761
-87.60920757	41.85040146
-87.60920991	41.85038931
-87.60921367	41.85036979
-87.60921607	41.85035972
-87.60921776	41.85035266
-87.60925618	41.85016311
-87.60928818	41.85000522
-87.60932708	41.84981339
-87.60937182	41.84959276
-87.60937481	41.84957796
-87.6093826	41.84954056
-87.60944296	41.84925064
-87.60945012	41.84921501
-87.60945711	41.84918023
-87.60946699	41.84913106
-87.609498	41.84898096
-87.60950372	41.84894729
-87.60951192	41.84889899
-87.6095151	41.84886657
-87.60952001	41.84881655
-87.60952226	41.84873393
-87.60952161	41.84870634
-87.60952147	41.84870015
-87.60954335	41.84869622
-87.60954334	41.84869609
-87.60951219	41.84832522
-87.60950257	41.84821813
-87.60948965	41.84807423
-87.6094766	41.8479986
-87.60947659	41.84799859
-87.60945773	41.84792367
-87.60944747	41.84789277
-87.60943317	41.84784967
-87.60941222	41.84779926
-87.6094029	41.84777684
-87.60936711	41.84770545
-87.60936086	41.84769487
-87.60932588	41.84763571
-87.60930379	41.84760231
-87.60904955	41.84726467
-87.60871811	41.8468269
-87.60866727	41.84676024
-87.60857909	41.84664463
-87.60853809	41.84657648
-87.60852483	41.84655047
-87.60851572	41.84653259
-87.60850835	41.84651814
-87.60850251	41.84650666
-87.60848516	41.84646549
-87.60847248	41.84643539
-87.60845686	41.84638898
-87.60844809	41.84636293
-87.60842943	41.84628951
-87.60842175	41.84624526
-87.60841657	41.84621539
-87.60840956	41.84614086
-87.60840867	41.84608439
-87.60840839	41.84606613
-87.6084095	41.84604315
-87.60841059	41.84602048
-87.60841729	41.84595514
-87.60841789	41.84594926
-87.60842066	41.84593435
-87.60843106	41.84587851
-87.60843395	41.84586783
-87.60845001	41.84580849
-87.60847465	41.84573949
-87.60847896	41.84572984
-87.60850492	41.84567173
-87.60852649	41.84563184
-87.60854072	41.84560552
-87.60854649	41.84559588
-87.60854801	41.84559333
-87.60861385	41.8454961
-87.6086375	41.84546442
-87.60864493	41.84545446
-87.60868488	41.84540094
-87.60873051	41.84534517
-87.60876094	41.84530798
-87.60877834	41.84528811
-87.60879725	41.84526652
-87.60880191	41.8452612
-87.60880198	41.84526112
-87.60888142	41.84515963
-87.60900158	41.84500612
-87.60901472	41.8449847
-87.60904207	41.84494013
-87.60905418	41.84491676
-87.60907715	41.84487243
-87.60909756	41.8448247
-87.60910671	41.84480329
-87.60911644	41.8447746
-87.60913058	41.84473292
-87.60913062	41.84473279
-87.60913882	41.84470057
-87.60914086	41.84469255
-87.60914088	41.8446925