-87.70690177	41.98308047
-87.70688439	41.98303878
-87.70685695	41.98288926
-87.70681701	41.98273946
-87.70675959	41.9825673
-87.70675133	41.98254281
-87.70673865	41.98250882
-87.70673045	41.98248204
-87.70671791	41.98244037
-87.70670688	41.98238046
-87.70669911	41.98231703
-87.70668529	41.98223427
-87.70667603	41.98218441
-87.70666874	41.98214746
-87.70666436	41.98212532
-87.70664164	41.98207597
-87.70663526	41.98206567
-87.70662392	41.98204892
-87.70661459	41.98203622
-87.70660362	41.98201473
-87.70659231	41.98199044
-87.706577	41.98193456
-87.70656742	41.98190693
-87.70655313	41.98187499
-87.70653749	41.98184607
-87.70652006	41.98181159
-87.70651198	41.98178767
-87.70650382	41.98176142
-87.70650226	41.9817512
-87.70649387	41.9817
-87.70648944	41.9816491
-87.70647294	41.98161021
-87.7064579	41.98156465
-87.70644988	41.98153497
-87.70643852	41.98149284
-87.70643512	41.98146867
-87.70643388	41.98144142
-87.70642595	41.98142118
-87.70641592	41.98139774
-87.70640853	41.98137838
-87.70639786	41.9813415
-87.70638907	41.98130421
-87.70638219	41.98128134
-87.70637839	41.98127091
-87.70637231	41.98125423
-87.70636667	41.9812287
-87.70635582	41.98118795
-87.70634494	41.9811605
-87.70633373	41.98114076
-87.70631648	41.98112245
-87.70630401	41.98108901
-87.70629764	41.98105275
-87.70629723	41.98103019
-87.70628582	41.98100878
-87.70626252	41.98098017
-87.70624747	41.98095473
-87.70623583	41.98091979
-87.70623771	41.98089999
-87.70623601	41.98088244
-87.7062305	41.98084805
-87.70621716	41.98079452
-87.70620783	41.98074815
-87.70619806	41.98071292
-87.70618317	41.98067853
-87.70616531	41.98064704
-87.70615451	41.98061608
-87.70613877	41.98057055
-87.70612836	41.98054544
-87.70610916	41.98050417
-87.70609713	41.98047771
-87.706084	41.98045198
-87.70607396	41.98042539
-87.70606797	41.98040617
-87.70605913	41.98036609
-87.70605616	41.98034708
-87.70604161	41.98031165
-87.70603404	41.9802851
-87.70602525	41.98025825
-87.70601418	41.98021296
-87.70600897	41.9801932
-87.70600362	41.98016847
-87.70599835	41.98014048
-87.70599462	41.98012298
-87.7059928	41.98010577
-87.70598048	41.98005394
-87.70597219	41.9800101
-87.70596826	41.97997956
-87.70595529	41.97992241
-87.70592499	41.97986105
-87.70591148	41.97982912
-87.70590365	41.97979864
-87.70589559	41.97976896
-87.70588702	41.97973543
-87.7058747	41.97969437
-87.70585818	41.97964219
-87.7058458	41.9796042
-87.70582609	41.97955453
-87.70581042	41.97950618
-87.70580002	41.97947074
-87.70579732	41.97946154
-87.70579125	41.97944008
-87.70579123	41.97944003
-87.70577418	41.97937983
-87.70575754	41.97932625
-87.70572795	41.97926382
-87.70570929	41.97921309
-87.7056847	41.97911084
-87.70566194	41.97903122
-87.70564815	41.97899429
-87.70550899	41.97865287
-87.70549792	41.97862289
-87.70548233	41.97857698
-87.70547087	41.97853792
-87.70545583	41.97848982
-87.70543768	41.97844669
-87.70542217	41.97840077
-87.70541035	41.97835367
-87.70540573	41.97832525
-87.70538827	41.9782605
-87.70537708	41.97822108
-87.70535939	41.97817603
-87.70534794	41.97808328
-87.70534368	41.97804942
-87.70533862	41.97802483
-87.70533323	41.9780119
-87.70532258	41.97798122
-87.70530604	41.97793121
-87.70529407	41.97787267
-87.70528473	41.97782412
-87.70527076	41.97776804
-87.70525994	41.97773491
-87.70524335	41.97769429
-87.7052346	41.97766364
-87.70522959	41.97764161
-87.7052261	41.97762304
-87.70522182	41.97759352
-87.70522114	41.97758885
-87.70521519	41.97755808
-87.70520869	41.97751578
-87.70519719	41.97745897
-87.70519483	41.97745306
-87.70519282	41.97743957
-87.70517769	41.97742168
-87.70516682	41.97740192
-87.70515557	41.97737098
-87.70514099	41.97732779
-87.70512985	41.97727927
-87.70511646	41.9772273
-87.70509485	41.97716577
-87.70508975	41.9771453
-87.70508021	41.97711379
-87.70506302	41.977055
-87.70504747	41.97700936
-87.70501584	41.97693156
-87.70500442	41.9768925
-87.70499048	41.97684333
-87.70497476	41.97678973
-87.70496601	41.97676287
-87.70495546	41.97672826
-87.70494943	41.97669854
-87.70494234	41.97666428
-87.70493873	41.97663103
-87.70493802	41.97660191
-87.70493251	41.97656799
-87.70491671	41.97653286
-87.70488926	41.97648987
-87.70487056	41.97644682
-87.70485869	41.97640847
-87.70484416	41.97634542
-87.70483198	41.97630847
-87.70482078	41.97627262
-87.70481191	41.97623668
-87.70480592	41.97619856
-87.70480942	41.97617498
-87.70482134	41.97615202
-87.70482728	41.9761352
-87.70482658	41.97611291
-87.70481996	41.97609841
-87.70481597	41.97608555
-87.70478852	41.97604896
-87.70477842	41.97601784
-87.7047676	41.97598927
-87.70476035	41.97596272
-87.70474698	41.97590943
-87.70474084	41.97588654
-87.70472916	41.97585132
-87.7047266	41.97581278
-87.70472526	41.97577443
-87.70472499	41.97576664
-87.70472285	41.97574141
-87.70471411	41.97569921
-87.70469595	41.97567173
-87.7046761	41.97565252
-87.70466612	41.97563852
-87.70465251	41.97562426
-87.70464004	41.97560935
-87.70462857	41.97559092
-87.70462122	41.9755677
-87.70461629	41.97551951
-87.7046144	41.97547957
-87.70459988	41.97542271
-87.70459156	41.97539015
-87.70458503	41.97537365
-87.70456455	41.97534324
-87.70453869	41.97530311
-87.70452456	41.97527005
-87.70451388	41.97524121
-87.70449791	41.97521219
-87.70449226	41.97519987
-87.70448866	41.97518089
-87.70448785	41.97515473
-87.70449125	41.97511935
-87.70449155	41.97507761
-87.7044869	41.97503074
-87.70447689	41.97499444
-87.70446836	41.9749681
-87.70446357	41.97494607
-87.70446347	41.97492236
-87.7044635	41.97489321
-87.70445634	41.97485549
-87.70443418	41.97480831
-87.70442336	41.97477955
-87.70441941	41.97475889
-87.70440992	41.97472854
-87.70439129	41.97469021
-87.70437686	41.97460144
-87.70433822	41.97443943
-87.70432356	41.97439695
-87.70431385	41.97437544
-87.70430806	41.97435823
-87.7043045	41.97433521
-87.70430129	41.97430622
-87.70429501	41.97427536
-87.7042866	41.97425139
-87.70427664	41.97422883
-87.70426102	41.9741942
-87.70425202	41.9741635
-87.70423459	41.97411823
-87.70422251	41.97409352
-87.70421495	41.97406988
-87.7042107	41.97404197
-87.70420679	41.97401328
-87.70419856	41.97398664
-87.70418393	41.97394493
-87.7041678	41.9739064
-87.70415541	41.97387153
-87.70414213	41.97383496
-87.7041149	41.97378053
-87.70409801	41.97372912
-87.704086	41.97368641
-87.70403771	41.97355158
-87.70453741	41.9738217
-87.70477977	41.973955
-87.70500516	41.97399586
-87.70500707	41.97399623
-87.70503226	41.97399988
-87.70507644	41.97400657
-87.70512876	41.97401846
-87.70516974	41.97403559
-87.70521776	41.97405185
-87.70528895	41.97407137
-87.70537867	41.97409458
-87.70539943	41.97409974
-87.70553221	41.97411519
-87.70553529	41.97411695
-87.70556272	41.97412879
-87.70559299	41.97414312
-87.70561986	41.97415271
-87.70564719	41.97415969
-87.70567242	41.9741663
-87.70569964	41.97417326
-87.70572786	41.97417915
-87.70576554	41.97418816
-87.70587267	41.97422486
-87.70608003	41.97426825
-87.70612278	41.97427785
-87.70615657	41.97428599
-87.70619229	41.97429576
-87.7061926	41.97429587
-87.70619268	41.97429589
-87.70619463	41.97429655
-87.70622623	41.97430723
-87.70628122	41.97432122
-87.70632907	41.9743318
-87.70638451	41.9743447
-87.70644275	41.97436052
-87.70650023	41.97437919
-87.70657126	41.97439703
-87.7066806	41.97442557
-87.70678902	41.97445141
-87.70697388	41.97449319
-87.70707715	41.97451961
-87.70721518	41.97455214
-87.70732327	41.97457306
-87.70738982	41.97458616
-87.70741294	41.97459071
-87.70745075	41.97459815
-87.7075952	41.97462825
-87.70779148	41.97466818
-87.70808542	41.97469914
-87.70817602	41.97469659
-87.70826237	41.97469678
-87.7084209	41.97469383
-87.70857918	41.9746866
-87.70865169	41.97468132
-87.70873702	41.97467511
-87.70878877	41.9746632
-87.70886807	41.97465024
-87.70903389	41.97461986
-87.70919821	41.97458525
-87.70936084	41.97454645
-87.7095216	41.9745035
-87.70968026	41.97445647
-87.70983669	41.9744054
-87.70986695	41.97439458
-87.70999069	41.97435034
-87.71008559	41.97432458
-87.7103548	41.97425149
-87.7104835	41.9741933
-87.71057251	41.97415698
-87.71059725	41.97413917
-87.71066066	41.97411926
-87.71071575	41.97410076
-87.71075799	41.97408681
-87.71083404	41.97406098
-87.71095778	41.9739936
-87.7110139	41.97395952
-87.71104754	41.97393699
-87.71105858	41.9739296
-87.71107766	41.97391674
-87.71115344	41.97386338
-87.71122306	41.97377182
-87.71129568	41.97368929
-87.71133049	41.97363484
-87.711475	41.97337871
-87.71151585	41.9733036
-87.71154471	41.97324072
-87.71157503	41.97317396
-87.71164488	41.97307417
-87.71176445	41.97294831
-87.71194022	41.97274866
-87.71202066	41.97265642
-87.71208412	41.97259683
-87.7121523	41.97253241
-87.71223747	41.97247981
-87.71231579	41.97244279
-87.71252898	41.97236508
-87.71283411	41.97227666
-87.71325432	41.97212943
-87.71346623	41.97207794
-87.71365175	41.97203287
-87.71402581	41.97196869
-87.7141775	41.97196466
-87.7142269	41.97195976
-87.71430451	41.97195414
-87.71438455	41.97195186
-87.71443507	41.97194873
-87.71447875	41.97194219
-87.71454675	41.9719372
-87.71461415	41.97193018
-87.71461923	41.97192991
-87.71466854	41.97193016
-87.71468079	41.97193022
-87.71468601	41.97193025
-87.7146966	41.9719303
-87.71507612	41.97193223
-87.71550105	41.97191973
-87.71566579	41.97192061
-87.71580787	41.97194106
-87.71590458	41.97196435
-87.71591366	41.97196654
-87.71591793	41.97196757
-87.71596262	41.97197833
-87.71620348	41.97208624
-87.71654753	41.97228048
-87.71696069	41.97251678
-87.71713179	41.9726043
-87.71715023	41.97261373
-87.71715254	41.97261489
-87.71715275	41.97261502
-87.71719481	41.97263653
-87.71747864	41.9727807
-87.71773709	41.97291455
-87.71793503	41.97302332
-87.71806862	41.97309723
-87.71829104	41.97319504
-87.71836622	41.97321751
-87.71838799	41.97322552
-87.71871434	41.97334563
-87.71882624	41.97339604
-87.71894804	41.97346112
-87.71907438	41.97353543
-87.71914671	41.97357829
-87.7192518	41.97362515
-87.7196163	41.97377499
-87.71962809	41.97377984
-87.71967771	41.97380024
-87.71972293	41.97381883
-87.71994864	41.97388985
-87.72013454	41.9739623
-87.72026443	41.97398149
-87.72037043	41.97400999
-87.72050064	41.97406148
-87.72056059	41.97407937
-87.72063612	41.97408765
-87.72082484	41.97408547
-87.72084469	41.97408696
-87.7208595	41.97408807
-87.72108663	41.97410509
-87.72127959	41.97413562
-87.72148559	41.9741683
-87.7217664	41.97421403
-87.72199407	41.97427205
-87.72212353	41.97431313
-87.72225549	41.974355
-87.72243423	41.97441446
-87.72266273	41.97450176
-87.72279745	41.97456537
-87.72324358	41.97484587
-87.72328731	41.9748739
-87.72355391	41.97504477
-87.72365079	41.97512059
-87.723714	41.97517112
-87.7237761	41.97523073
-87.72378623	41.97524046
-87.72393157	41.97543989
-87.72400456	41.97551058
-87.72408098	41.97557644
-87.72421149	41.97568893
-87.72432534	41.97575984
-87.7244424	41.9758093
-87.72445061	41.97581187
-87.7247498	41.97590643
-87.72486248	41.97593776
-87.72505425	41.97598203
-87.72522503	41.97601386
-87.72541104	41.97604945
-87.72567895	41.97609598
-87.72582167	41.9761081
-87.72596587	41.97611611
-87.72622716	41.97609296
-87.72638176	41.97606233
-87.72655761	41.97601419
-87.72665723	41.97597569
-87.72675326	41.97593213
-87.72691242	41.97585174
-87.72712079	41.97571591
-87.72730803	41.97554238
-87.72736244	41.97554199
-87.72754978	41.97553984
-87.72823339	41.97553201
-87.72821752	41.97499315
-87.72821274	41.97483082
-87.72821045	41.97475322
-87.72820948	41.97471459
-87.72820662	41.97460057
-87.72820545	41.97455392
-87.72819854	41.97427858
-87.72819073	41.97403126
-87.72817784	41.97362946
-87.72816539	41.97319326
-87.7281557	41.97282972
-87.72814701	41.97250487
-87.72813991	41.97223724
-87.72813177	41.97188407
-87.72857951	41.97187891
-87.72874587	41.97187654
-87.72896149	41.97187346
-87.72936416	41.97186943
-87.72982884	41.97186477
-87.7299818	41.97186325
-87.73059506	41.97185675
-87.7307495	41.97185511
-87.73079939	41.97185458
-87.7309775	41.97185296
-87.7312114	41.97185086
-87.73161687	41.97184721
-87.73183127	41.97184473
-87.73183857	41.97210207
-87.73184426	41.97230177
-87.73184679	41.97239078
-87.73186947	41.97318669
-87.7318788	41.97351225
-87.7318794	41.97353133
-87.73188097	41.97359039
-87.73188849	41.97361233
-87.7318988	41.9736269
-87.73190754	41.97363609
-87.73191627	41.97364196
-87.73192135	41.97364538
-87.73194706	41.9736569
-87.73196056	41.97365999
-87.73199066	41.97366245
-87.73203581	41.9736631
-87.73211165	41.97366202
-87.732162	41.97366127
-87.73223847	41.97366018
-87.73228944	41.97365944
-87.73234178	41.97365864
-87.73249247	41.97365645
-87.73264845	41.97365418
-87.73298482	41.97365104
-87.73311699	41.97365091
-87.73312646	41.97392712
-87.73313943	41.97430068
-87.73315333	41.97474701
-87.73316378	41.97513773
-87.73317138	41.97547986
-87.73351822	41.97547575
-87.73378182	41.97547271
-87.73387829	41.97547159
-87.73420591	41.97546899
-87.73439922	41.97546715
-87.73460783	41.97546516
-87.73501509	41.97546123
-87.73501755	41.97546121
-87.73534511	41.97545775
-87.73563427	41.97545386
-87.73573752	41.97545247
-87.73599148	41.9754494
-87.73624367	41.97544701
-87.73632742	41.97544621
-87.73666292	41.97544315
-87.7368648	41.97544109
-87.73703126	41.97543938
-87.73732016	41.97543627
-87.73748607	41.97543446
-87.73759049	41.97543331
-87.737877	41.97543005
-87.73810341	41.97542833
-87.73838825	41.97542616
-87.73848201	41.97542545
-87.73874211	41.97542267
-87.73895903	41.97542035
-87.73920288	41.97541782
-87.73937814	41.97541564
-87.7397609	41.97541088
-87.74002237	41.97540822
-87.7401053	41.97540737
-87.74050671	41.97540379
-87.74067744	41.97540144
-87.74104664	41.97539637
-87.74139872	41.97539388
-87.74172564	41.97539144
-87.74190802	41.97539027
-87.74216241	41.97538864
-87.74232777	41.97538719
-87.74253463	41.975384
-87.74284064	41.97537987
-87.74293479	41.97537913
-87.74308365	41.97537797
-87.74339503	41.97537553
-87.74371302	41.97537288
-87.74396878	41.97537109
-87.74417532	41.97536941
-87.74448065	41.97537139
-87.74469902	41.97537602
-87.74485273	41.97537749
-87.74504712	41.97537542
-87.74513049	41.97537453
-87.74555972	41.97537121
-87.74566613	41.97537039
-87.74598198	41.97536795
-87.74604612	41.97536746
-87.746105	41.975367
-87.74626854	41.97536359
-87.74659046	41.97535686
-87.74674847	41.97535454
-87.74694864	41.97535243
-87.74715922	41.97535022
-87.74725988	41.97534936
-87.74741353	41.97534803
-87.74750054	41.97534699
-87.74757969	41.97534588
-87.74799294	41.97534079
-87.74800352	41.97554643
-87.74801049	41.97574125
-87.74801212	41.97578906
-87.74802209	41.97608071
-87.74803	41.9763212
-87.74804089	41.97669059
-87.74805476	41.97717183
-87.74806166	41.97737788
-87.74806308	41.97742029
-87.748069	41.97759687
-87.74807145	41.97767965
-87.74807364	41.97775291
-87.74808022	41.97794284
-87.74808292	41.97802062
-87.74809025	41.97825998
-87.74809636	41.97845189
-87.74810601	41.97875627
-87.74811352	41.97898235
-87.74811714	41.97909134
-87.74812265	41.97926837
-87.74813082	41.97954058
-87.74814164	41.97990125
-87.7481438	41.980029
-87.74814732	41.98023755
-87.74817621	41.98059179
-87.74819256	41.98079226
-87.74817461	41.98119342
-87.74817761	41.98142016
-87.74818432	41.98163501
-87.74818574	41.9816839
-87.74819187	41.98189509
-87.74820254	41.98215951
-87.7482098	41.98233917
-87.7482148	41.98246319
-87.74822138	41.9826258
-87.74822641	41.98275011
-87.74823673	41.98300507
-87.74825054	41.98337745
-87.74826003	41.98367689
-87.74811884	41.98367106
-87.74798295	41.98366544
-87.74771551	41.98357562
-87.74742877	41.983437
-87.7473064	41.98332916
-87.74722175	41.98322374
-87.74712965	41.9830803
-87.74704371	41.98285336
-87.74699568	41.98266482
-87.74698711	41.98263119
-87.74585217	41.98263043
-87.74583089	41.98262687
-87.74579615	41.98262524
-87.74574358	41.98262675
-87.74569266	41.98262855
-87.74563233	41.9826297
-87.74540723	41.98263428
-87.74529683	41.98263714
-87.74513989	41.98264125
-87.74499987	41.9826449
-87.74492769	41.98264732
-87.74479693	41.98265171
-87.74463579	41.98265714
-87.74450819	41.98266137
-87.74444396	41.98266351
-87.7443249	41.98266756
-87.74420843	41.98267092
-87.74410372	41.98267395
-87.74392648	41.98267754
-87.74371958	41.9826832
-87.74355844	41.9826881
-87.74310945	41.9827018
-87.74310334	41.98266661
-87.74309458	41.98265164
-87.74308472	41.98263169
-87.74307374	41.98262167
-87.74305713	41.98261659
-87.74302388	41.98260896
-87.74300432	41.98260834
-87.74279333	41.98261002
-87.7427653	41.98261065
-87.74261263	41.98261409
-87.74243377	41.9826177
-87.74227066	41.98262111
-87.74213626	41.98262643
-87.74209544	41.98262905
-87.74206507	41.98263166
-87.74193448	41.9826385
-87.74183196	41.98264388
-87.74172257	41.98264518
-87.74155343	41.98264798
-87.74108467	41.98265937
-87.74093292	41.98266306
-87.74085357	41.98266496
-87.740847	41.98266476
-87.74076915	41.98266244
-87.74061118	41.98265772
-87.74041223	41.98266284
-87.74021405	41.98266791
-87.74000823	41.9826759
-87.73970436	41.98268737
-87.73962192	41.98268846
-87.73946232	41.98269059
-87.73934431	41.98269294
-87.73915434	41.98269673
-87.73898478	41.98270121
-87.73856633	41.98270944
-87.73840398	41.98270953
-87.73830605	41.9827126
-87.73830962	41.98288152
-87.73831593	41.98312103
-87.73831884	41.98322931
-87.73832423	41.98343013
-87.73833075	41.98366987
-87.73833995	41.98399793
-87.73834153	41.9840565
-87.73834487	41.98418034
-87.73835031	41.98440133
-87.73835341	41.98451643
-87.73835583	41.98460712
-87.73836082	41.98478236
-87.73836648	41.98499158
-87.73837241	41.98525942
-87.73837669	41.985452
-87.73838342	41.98566948
-87.73838783	41.98580058
-87.73839096	41.98589389
-87.73839589	41.98602871
-87.73840649	41.98632018
-87.73831947	41.98635899
-87.73827387	41.98637814
-87.73806918	41.98646408
-87.73784466	41.98656739
-87.73759309	41.98668337
-87.73737367	41.98678399
-87.73722968	41.98684512
-87.73702639	41.98693144
-87.73676487	41.98704131
-87.73673636	41.98705329
-87.73667614	41.98707943
-87.73663266	41.98709831
-87.73650325	41.98715449
-87.73634826	41.98722822
-87.73613272	41.98733401
-87.73599479	41.98740415
-87.73578259	41.98751031
-87.73550511	41.98764364
-87.73523889	41.98777556
-87.73509574	41.98784378
-87.73490558	41.98793439
-87.73455459	41.98810078
-87.73442269	41.98816301
-87.73429036	41.9882275
-87.73422972	41.98826118
-87.73417838	41.98829159
-87.73413754	41.98832409
-87.73408867	41.98842093
-87.73406549	41.98846905
-87.73394994	41.98862267
-87.73389966	41.98868928
-87.73381847	41.98879704
-87.73351937	41.98919396
-87.73341627	41.98933035
-87.73328115	41.98950846
-87.73315995	41.98966811
-87.73305626	41.98980459
-87.73300417	41.98987989
-87.7328656	41.99008263
-87.7324855	41.99008539
-87.73212563	41.99009029
-87.73193234	41.99009292
-87.73191643	41.99009314
-87.73186218	41.99009388
-87.73049344	41.9919165
-87.73008733	41.99246218
-87.72915288	41.99368838
-87.72888737	41.99404873
-87.72888726	41.99404887
-87.72823187	41.99494826
-87.72785775	41.99546219
-87.72641981	41.9972487
-87.72607359	41.99724999
-87.7252219	41.99725318
-87.72402355	41.99725764
-87.72278832	41.99726224
-87.72152704	41.99726692
-87.72029711	41.99727146
-87.71906456	41.99727601
-87.71906237	41.99727601
-87.71906087	41.99727602
-87.71870529	41.99727733
-87.71858399	41.99727777
-87.71858398	41.99727778
-87.71819019	41.99728102
-87.71819015	41.99728102
-87.7179643	41.99728288
-87.71796428	41.99728288
-87.71758735	41.99728596
-87.71709106	41.99728788
-87.71695038	41.99728849
-87.71673891	41.99728939
-87.71621669	41.99729162
-87.71603288	41.9972924
-87.71603288	41.9972924
-87.71551147	41.99729728
-87.71466961	41.99730516
-87.71436839	41.99730797
-87.71428686	41.99730874
-87.71395462	41.99731293
-87.71368135	41.9973176
-87.71340764	41.99732208
-87.71305994	41.99732745
-87.71276846	41.99733194
-87.71254194	41.9973367
-87.71230144	41.99733907
-87.71206309	41.99734278
-87.71173473	41.99734811
-87.71173472	41.99734811
-87.71169325	41.99734877
-87.71167822	41.99734902
-87.71159698	41.99735032
-87.71078055	41.99736357
-87.71075654	41.99736403
-87.7106709	41.99736567
-87.7106709	41.99736567
-87.71067089	41.99736549
-87.71066885	41.99729359
-87.71066053	41.99722577
-87.71064653	41.99711482
-87.71063495	41.99707637
-87.71063127	41.99703491
-87.71063174	41.99702111
-87.71064107	41.99701057
-87.71064185	41.99700613
-87.71062894	41.99679056
-87.71062465	41.99670245
-87.71058349	41.99638546
-87.71054283	41.99608815
-87.71051199	41.99582932
-87.71049569	41.99572775
-87.71047944	41.99566957
-87.71047248	41.99562902
-87.71046263	41.99557164
-87.7104266	41.99538849
-87.71040534	41.99529368
-87.71039769	41.99524034
-87.71038204	41.99514355
-87.71035715	41.99501782
-87.71035515	41.9949669
-87.71034399	41.99490444
-87.71032174	41.99480498
-87.71029141	41.99469803
-87.71026776	41.99458748
-87.71024077	41.99449233
-87.71020098	41.99431042
-87.71018564	41.99423852
-87.71017548	41.99412181
-87.71016497	41.99402255
-87.71011916	41.99384873
-87.71011439	41.99383065
-87.7101074	41.99380413
-87.71007254	41.99370106
-87.71004674	41.9935928
-87.70999699	41.99341344
-87.70997753	41.99334246
-87.7099223	41.99311694
-87.70989397	41.99297776
-87.70988804	41.99294864
-87.70985221	41.99280984
-87.7098168	41.99272557
-87.70973529	41.99241947
-87.7096989	41.99230295
-87.70966416	41.99218084
-87.70963291	41.99207804
-87.70962752	41.99206031
-87.70957827	41.9919009
-87.70956812	41.99184819
-87.70954889	41.99176504
-87.70953886	41.99171866
-87.70951601	41.99161297
-87.70938482	41.99140519
-87.70937666	41.9913593
-87.70936858	41.99129721
-87.70935422	41.99124157
-87.70933922	41.99119665
-87.70933051	41.99117149
-87.70931326	41.99113743
-87.70927972	41.99101252
-87.70925262	41.99090653
-87.70921535	41.99077559
-87.70918061	41.99066728
-87.70915661	41.99058609
-87.70914709	41.99053321
-87.70909331	41.99038473
-87.70907907	41.99034541
-87.70905941	41.99030148
-87.70903185	41.99024222
-87.70900086	41.99015824
-87.70898176	41.99008375
-87.70897611	41.98995776
-87.70894368	41.98982849
-87.70891369	41.98975391
-87.7088961	41.98963828
-87.70888686	41.98958274
-87.70887583	41.98952533
-87.70886311	41.98948385
-87.70886299	41.98945479
-87.70882729	41.98943722
-87.70882041	41.9893997
-87.708798	41.98932922
-87.70877166	41.98928067
-87.70875794	41.98922475
-87.70873937	41.98912997
-87.70872776	41.98907955
-87.70871067	41.98899884
-87.70869494	41.98894551
-87.70868839	41.98889649
-87.7086615	41.98884001
-87.70864313	41.98879221
-87.70861253	41.98872822
-87.70859093	41.98867322
-87.70856403	41.9886293
-87.70853331	41.98856909
-87.70850547	41.98853518
-87.70849592	41.98852418
-87.70849652	41.98852428
-87.70849474	41.98852212
-87.70848066	41.98849177
-87.70850842	41.98847068
-87.70851797	41.98842274
-87.70849851	41.98835894
-87.70848956	41.98830708
-87.70847978	41.98823941
-87.70847068	41.98818799
-87.70844853	41.98814402
-87.70842497	41.98805866
-87.70838756	41.98795777
-87.70835875	41.98789131
-87.7083428	41.98781853
-87.70833864	41.98777737
-87.70832888	41.98775564
-87.7083148	41.98773281
-87.7083106	41.98770337
-87.7082998	41.98766739
-87.70830678	41.98763107
-87.70829274	41.98757754
-87.70826587	41.98753782
-87.70827689	41.98750152
-87.70828328	41.98748034
-87.70824847	41.98744796
-87.70822956	41.98739887
-87.70821603	41.98735382
-87.70820846	41.98729599
-87.70820635	41.98724894
-87.70818917	41.98717015
-87.70816845	41.98709265
-87.70815606	41.98703926
-87.70813836	41.98699531
-87.70811897	41.98695418
-87.70809842	41.98690827
-87.7080766	41.98685598
-87.70805035	41.98679456
-87.70803612	41.98674584
-87.70803625	41.98674584
-87.70802996	41.98672475
-87.70802737	41.98671607
-87.70802451	41.9867065
-87.70801821	41.98668536
-87.70797964	41.98661621
-87.70795541	41.98655845
-87.70794377	41.98652274
-87.70789511	41.986489
-87.70784809	41.98647079
-87.7077952	41.98648541
-87.7077701	41.98648711
-87.70775726	41.98643907
-87.70776739	41.9864034
-87.70779607	41.98637773
-87.70784488	41.98636721
-87.70787584	41.98634565
-87.70786387	41.98627903
-87.70782848	41.98614048
-87.70782208	41.9860281
-87.70778002	41.98589892
-87.70775796	41.98583716
-87.70773509	41.98575444
-87.70771855	41.98568484
-87.707697	41.98564391
-87.70766689	41.98557092
-87.70763102	41.98547717
-87.70759579	41.98539032
-87.70756433	41.98530875
-87.70753286	41.98523578
-87.70750723	41.98516786
-87.70751003	41.98505835
-87.70750886	41.98495283
-87.70747558	41.98487222
-87.70747516	41.9848712
-87.70743963	41.98479593
-87.70741832	41.98472638
-87.70740153	41.9846601
-87.70739268	41.98459496
-87.70735482	41.98452091
-87.70731993	41.98445184
-87.70730873	41.98441256
-87.70730873	41.98441256
-87.70730873	41.98441255
-87.70728835	41.98434113
-87.70727974	41.98432494
-87.70726116	41.98428453
-87.70726096	41.98428409
-87.70724847	41.98422283
-87.70722626	41.98415078
-87.70721252	41.98408882
-87.70720131	41.9840504
-87.70718579	41.98397891
-87.7071658	41.98393185
-87.70713197	41.98382242
-87.70709641	41.98373172
-87.7070732	41.98363412
-87.70702463	41.98353512
-87.70701	41.98346654
-87.70701083	41.98342346
-87.70698002	41.9833545
-87.70695676	41.98326225
-87.70694307	41.9832023
-87.70693028	41.98314885
-87.70690177	41.98308047