-87.67336415	41.93234274
-87.67341879	41.93234212
-87.67354008	41.93234072
-87.67356046	41.93234049
-87.67380807	41.93233764
-87.67412306	41.93233402
-87.67449664	41.93232971
-87.67478333	41.93232639
-87.67478364	41.93232639
-87.67515834	41.93232191
-87.67540413	41.93231895
-87.67566483	41.93231607
-87.67593704	41.93231306
-87.67637429	41.9323073
-87.67689505	41.9323001
-87.67717158	41.9322971
-87.67746364	41.93229393
-87.67813529	41.93228468
-87.67824661	41.93228383
-87.67856426	41.93227914
-87.6787511	41.93227579
-87.67886	41.93227498
-87.67921695	41.93227235
-87.67953805	41.93226831
-87.68003513	41.93226208
-87.68041893	41.93225762
-87.68069231	41.93225478
-87.68098775	41.93225172
-87.68128465	41.9322489
-87.68157917	41.93224511
-87.68207625	41.93223926
-87.68233482	41.93223639
-87.6825222	41.93223394
-87.68271179	41.93223082
-87.68284016	41.93222871
-87.68284013	41.93223006
-87.68283854	41.93231126
-87.68284108	41.9323284
-87.68305815	41.93275696
-87.68338047	41.93328776
-87.68341163	41.93333906
-87.6834074	41.9333468
-87.68340676	41.93335882
-87.68341336	41.93337554
-87.68343344	41.93339579
-87.68348041	41.93342474
-87.68353065	41.93344206
-87.68389136	41.93352654
-87.68398307	41.93354992
-87.68408946	41.93356169
-87.68420392	41.93359604
-87.68426865	41.93361693
-87.6843061	41.93361363
-87.6843648	41.93361239
-87.68440472	41.93361956
-87.68444775	41.93362678
-87.68447579	41.93362691
-87.68455417	41.93363509
-87.68458829	41.93365232
-87.68462607	41.93366686
-87.68465565	41.93367128
-87.6846899	41.93367106
-87.68473977	41.93367093
-87.68481094	41.93366977
-87.68487484	41.93367049
-87.68493403	41.93367233
-87.68500148	41.93367889
-87.6850585	41.93369082
-87.68510354	41.93370696
-87.6851584	41.93372972
-87.68520797	41.93375986
-87.68525762	41.9337853
-87.68530326	41.9337933
-87.68548163	41.93379752
-87.68549344	41.9337978
-87.68566982	41.93390286
-87.68579964	41.93396256
-87.68588383	41.93400766
-87.68596769	41.93403349
-87.68629349	41.93435418
-87.6866022	41.93466738
-87.68682507	41.93490739
-87.68681556	41.93492138
-87.68681792	41.93493825
-87.68682714	41.93496044
-87.68685319	41.93499454
-87.68688426	41.93505473
-87.68692443	41.93513476
-87.68696522	41.93517908
-87.68700385	41.93522233
-87.68701416	41.93524643
-87.68702798	41.93527164
-87.68706442	41.93530278
-87.6870999	41.93533753
-87.687144	41.93538168
-87.68722685	41.93546398
-87.6874007	41.93561616
-87.6874704	41.93570226
-87.68767309	41.93589881
-87.68778851	41.93598094
-87.68782492	41.93601141
-87.68787001	41.93603798
-87.68789436	41.9360427
-87.68792136	41.93606239
-87.6879553	41.93608265
-87.68798679	41.93610394
-87.68799728	41.93611104
-87.68804302	41.93613852
-87.68808024	41.93616144
-87.6881498	41.93619537
-87.68844238	41.93639677
-87.68846645	41.93641219
-87.68848742	41.93642831
-87.68852682	41.93644672
-87.68856319	41.93645562
-87.68859987	41.93646269
-87.68862602	41.93646051
-87.68866064	41.9364607
-87.68870661	41.93646889
-87.68874854	41.93647368
-87.68877812	41.93648529
-87.68882512	41.93648182
-87.68885871	41.93648223
-87.68887407	41.9364931
-87.68891239	41.93649836
-87.68897701	41.93649752
-87.68902689	41.93649761
-87.68915418	41.93650719
-87.68924837	41.93651518
-87.68931533	41.93652316
-87.68937164	41.93653294
-87.68941145	41.93653635
-87.68943101	41.93654982
-87.68944985	41.9365513
-87.68947589	41.93654952
-87.68952231	41.93655725
-87.68958103	41.93656219
-87.68968774	41.93657823
-87.68974927	41.93658947
-87.68981016	41.93660145
-87.6898569	41.93660558
-87.68991863	41.93660749
-87.68993369	41.93660834
-87.68998633	41.93661772
-87.69002482	41.93662848
-87.69007236	41.93664834
-87.69011465	41.93667514
-87.69014926	41.93669871
-87.69019648	41.93673589
-87.69023223	41.93676954
-87.69028503	41.9368037
-87.69032155	41.93683104
-87.69036737	41.93686525
-87.69041339	41.93690494
-87.69071708	41.93739944
-87.69078107	41.93754209
-87.69080072	41.93760918
-87.69086437	41.93782645
-87.69087243	41.93785446
-87.69088389	41.93787362
-87.69089873	41.93791102
-87.69092618	41.93796606
-87.69096524	41.93804386
-87.69099028	41.93809822
-87.6910204	41.93816236
-87.69105686	41.93823965
-87.69111474	41.93832068
-87.69119812	41.93842087
-87.69122666	41.93846724
-87.69126734	41.93851871
-87.69132019	41.93858508
-87.69137883	41.93864559
-87.69138507	41.93865342
-87.69138971	41.93866357
-87.69139703	41.93868175
-87.69141192	41.93869232
-87.69142791	41.93869924
-87.69144129	41.93871773
-87.69145521	41.93874056
-87.6914717	41.93876378
-87.69147291	41.93877477
-87.69148631	41.9387918
-87.69150904	41.93880403
-87.69152807	41.9388164
-87.69155332	41.93883831
-87.69158594	41.93886173
-87.69162402	41.93889136
-87.69166963	41.9389246
-87.69171028	41.93893921
-87.69175417	41.9389498
-87.6917801	41.93895851
-87.69178121	41.93895857
-87.6918185	41.93897052
-87.69186829	41.93899366
-87.69190252	41.93900077
-87.69191938	41.939012
-87.69193519	41.93902965
-87.69195395	41.93903248
-87.69198434	41.93904387
-87.69201129	41.93905791
-87.69204968	41.93907063
-87.69207909	41.93908485
-87.69212749	41.9391181
-87.69218833	41.93915434
-87.69223359	41.93917778
-87.6922674	41.93919356
-87.69231549	41.93920252
-87.69234276	41.93921774
-87.69235642	41.93923703
-87.69237183	41.9392544
-87.69239478	41.93927185
-87.69243162	41.93929636
-87.69244347	41.93931246
-87.69244897	41.93934031
-87.69244423	41.93936183
-87.6924386	41.93938082
-87.69247172	41.93939511
-87.6925267	41.93941369
-87.69256666	41.93942657
-87.6926616	41.93945717
-87.69272886	41.93948619
-87.69279425	41.93952273
-87.69283891	41.93957446
-87.69286362	41.9396027
-87.69292863	41.93965874
-87.69300048	41.93972163
-87.69305951	41.93977695
-87.69313322	41.93982615
-87.69319555	41.93985699
-87.69323814	41.93988313
-87.6933104	41.93993101
-87.69337748	41.93998649
-87.69342217	41.94004173
-87.69346673	41.94009607
-87.69352866	41.94013623
-87.69360421	41.94022628
-87.69363311	41.94025506
-87.69364146	41.94028036
-87.69365606	41.94032739
-87.69366986	41.94036185
-87.69368326	41.94038202
-87.69369465	41.9404006
-87.6937323	41.94045056
-87.69379259	41.94051292
-87.69383242	41.94056863
-87.69385384	41.94061779
-87.69386478	41.94066288
-87.69387038	41.94069469
-87.69394663	41.94078889
-87.69397482	41.94084393
-87.6940229	41.94092496
-87.6940505	41.94096951
-87.69408238	41.94102317
-87.69412129	41.94105745
-87.69414617	41.94108429
-87.69417589	41.94112172
-87.694207	41.94117623
-87.69421711	41.94119396
-87.69423928	41.94123771
-87.69427045	41.94128193
-87.69431057	41.94133912
-87.69435159	41.94138674
-87.69445826	41.94151184
-87.6945031	41.94157392
-87.6945348	41.94162426
-87.69459139	41.94169916
-87.69461227	41.94173172
-87.69463459	41.94176417
-87.69467106	41.94181849
-87.69469739	41.94185845
-87.69472343	41.94190456
-87.69477448	41.94197828
-87.69480067	41.9420172
-87.69484137	41.94207456
-87.69487845	41.94213432
-87.69490982	41.94218062
-87.69494449	41.94224226
-87.69499529	41.94234221
-87.6950281	41.94238367
-87.69506708	41.94244423
-87.69510928	41.94251795
-87.69527506	41.94276106
-87.69527864	41.94276631
-87.69529038	41.94280597
-87.69529061	41.94280675
-87.69529674	41.94282745
-87.69531028	41.94287611
-87.69533009	41.9429305
-87.69535704	41.94299904
-87.69538114	41.94306105
-87.69539566	41.94309641
-87.69539841	41.94311116
-87.69542825	41.94320424
-87.6954517	41.94331143
-87.69548116	41.94357901
-87.69552785	41.94378067
-87.69558467	41.94401038
-87.69577581	41.94482916
-87.69577757	41.94483657
-87.69590571	41.9453762
-87.6960001	41.94577107
-87.69618841	41.94657266
-87.69620081	41.94665236
-87.69620447	41.94669597
-87.69621567	41.94682936
-87.69621295	41.94688799
-87.69621248	41.9469426
-87.6962181	41.94699496
-87.69622118	41.94701784
-87.69623305	41.94706266
-87.69624187	41.94710662
-87.69625517	41.9471556
-87.69625446	41.9471784
-87.6962667	41.94722662
-87.69627705	41.94725843
-87.6962891	41.9472886
-87.69630205	41.94734279
-87.69631061	41.947384
-87.69631706	41.94742248
-87.69632006	41.94745406
-87.69631992	41.94748597
-87.69633162	41.94756611
-87.69633893	41.94761072
-87.69635346	41.94766923
-87.69637169	41.94773623
-87.69640742	41.94782264
-87.69646618	41.94794886
-87.69646815	41.94796056
-87.69653198	41.94821802
-87.69657485	41.94839128
-87.69660091	41.948513
-87.69660197	41.94851791
-87.69661615	41.9486221
-87.69663987	41.94874636
-87.69668221	41.94890641
-87.69668887	41.94894284
-87.69669809	41.94899097
-87.69670859	41.94904457
-87.69671269	41.94910098
-87.69673302	41.94919744
-87.69674995	41.94928417
-87.69675309	41.94932335
-87.69675479	41.9493626
-87.69677559	41.94945953
-87.69678556	41.94951744
-87.69679079	41.94955701
-87.69680071	41.94960259
-87.69681463	41.94965138
-87.69682815	41.94969253
-87.69683695	41.94975073
-87.69684572	41.94982597
-87.69685041	41.94987194
-87.69684968	41.94992306
-87.69685914	41.94996507
-87.69686356	41.95000626
-87.69683995	41.95024023
-87.6968277	41.95027387
-87.69680902	41.95031917
-87.69680826	41.95032101
-87.69680093	41.95034588
-87.69678764	41.95039093
-87.69676809	41.95043468
-87.69674111	41.9504826
-87.69670356	41.95053981
-87.69666041	41.95063128
-87.69662955	41.95068473
-87.69660036	41.95074431
-87.69657142	41.95079253
-87.69653765	41.95085041
-87.6964979	41.95090299
-87.69646752	41.95094535
-87.69643587	41.95099353
-87.6964024	41.95102477
-87.69629594	41.95120156
-87.69627392	41.95122748
-87.69624983	41.95126925
-87.69623185	41.95131018
-87.69621242	41.95134577
-87.69619874	41.95137898
-87.69617619	41.95143632
-87.69615414	41.95148664
-87.69611828	41.95155837
-87.69609716	41.95159354
-87.69607477	41.95163118
-87.69604776	41.95168909
-87.69601959	41.95173457
-87.69599223	41.9517867
-87.69597106	41.95183406
-87.69594738	41.95186795
-87.69591706	41.95190447
-87.6958828	41.9519775
-87.69583879	41.95205601
-87.69582216	41.95209166
-87.69580727	41.95212357
-87.69579005	41.9521583
-87.69577592	41.95218204
-87.69575325	41.95221775
-87.69565787	41.95235213
-87.69552458	41.95256453
-87.69549659	41.95261413
-87.69546136	41.95265243
-87.69539779	41.95271182
-87.69507262	41.95310707
-87.69488639	41.95336358
-87.69479299	41.95347651
-87.69464716	41.95368148
-87.69462557	41.9537194
-87.6946068	41.95375483
-87.69458438	41.9538091
-87.69456974	41.9538583
-87.69455469	41.9539223
-87.69455116	41.95394353
-87.69454306	41.95399222
-87.69453319	41.95405164
-87.69451201	41.95417903
-87.69450295	41.9542441
-87.69449708	41.95429061
-87.69449016	41.95434273
-87.69449198	41.95438838
-87.69448922	41.95442925
-87.69448371	41.95447733
-87.69447551	41.95452448
-87.69445959	41.95457651
-87.69444871	41.95461317
-87.69444274	41.95465932
-87.69444264	41.95470937
-87.69444365	41.95476684
-87.69444599	41.9548264
-87.6944397	41.95488611
-87.69443762	41.95493994
-87.69444474	41.95502195
-87.69447313	41.95505397
-87.6944608	41.95527278
-87.69446548	41.95537047
-87.69443013	41.95551654
-87.69441593	41.95563904
-87.69441184	41.95568389
-87.69441021	41.95573262
-87.69440222	41.95582986
-87.6943926	41.95588029
-87.69439325	41.95625505
-87.69439204	41.95637659
-87.6943703	41.95654488
-87.69436649	41.95681175
-87.6942745	41.95684977
-87.69427661	41.95693979
-87.69427427	41.95699727
-87.6942671	41.95703024
-87.69437611	41.95705966
-87.6943756	41.95742396
-87.6943511	41.95755798
-87.6943481	41.95760495
-87.6943474	41.95761599
-87.69434704	41.95762162
-87.69434533	41.95763561
-87.69433996	41.95767946
-87.69433744	41.95771779
-87.69434329	41.95775843
-87.69434695	41.95779281
-87.69434258	41.95785121
-87.69434609	41.95788594
-87.6943644	41.95794131
-87.69438995	41.95800795
-87.69440179	41.95807355
-87.69440799	41.95814883
-87.69441619	41.9582795
-87.6944163	41.9582812
-87.69443806	41.95850978
-87.69444422	41.95854584
-87.69445637	41.95861704
-87.69447203	41.95870563
-87.69448367	41.95876897
-87.69450271	41.95882465
-87.69451662	41.95889421
-87.69453312	41.95899051
-87.69454681	41.95903604
-87.69454813	41.95904043
-87.69456538	41.95911405
-87.69458003	41.95920381
-87.69459077	41.95931816
-87.69459768	41.95939213
-87.6945968	41.95944076
-87.69458703	41.95955947
-87.69458552	41.95964063
-87.69459752	41.95974309
-87.69462174	41.95985027
-87.69463156	41.95989388
-87.69464452	41.95995131
-87.69466474	41.96005518
-87.69466984	41.96015501
-87.69467022	41.96024242
-87.69468048	41.96036303
-87.69468107	41.96037
-87.69468052	41.96045545
-87.69467327	41.96056257
-87.69468086	41.96066086
-87.69468342	41.96070209
-87.69469374	41.96076957
-87.69469883	41.96084147
-87.69470261	41.9609385
-87.69469968	41.96101815
-87.69470348	41.96110154
-87.69471258	41.96115505
-87.6947249	41.96120951
-87.69474577	41.96127343
-87.69401361	41.96127857
-87.69357002	41.96128108
-87.69331421	41.96128252
-87.69306859	41.96128428
-87.69274954	41.96128637
-87.6923529	41.96128901
-87.69204914	41.96129102
-87.69180412	41.96129202
-87.69148448	41.96129333
-87.69139874	41.96129362
-87.69113193	41.96129606
-87.69085931	41.96129856
-87.69055199	41.96130035
-87.69024493	41.96130201
-87.68990705	41.96130427
-87.68964488	41.96130602
-87.68929087	41.9613077
-87.6889317	41.96130932
-87.68868299	41.96131285
-87.68822147	41.96131938
-87.6880739	41.96132141
-87.68746967	41.96132971
-87.68726873	41.96133247
-87.68714102	41.96133425
-87.68696491	41.96133669
-87.68661977	41.96134105
-87.68643264	41.96134283
-87.6863272	41.96134454
-87.68625933	41.96134564
-87.68574659	41.96135397
-87.68554743	41.96135729
-87.68526681	41.9613612
-87.68504246	41.96136479
-87.68486587	41.9613676
-87.68455955	41.96137265
-87.68442955	41.9613748
-87.68433309	41.96137639
-87.68382991	41.96138536
-87.68382578	41.96138543
-87.68345044	41.96139212
-87.68314866	41.96139861
-87.68278636	41.96140458
-87.68250659	41.96140897
-87.68221178	41.96141311
-87.68198559	41.96141628
-87.68166511	41.96142132
-87.68140266	41.9614253
-87.68120971	41.96142823
-87.68093244	41.96143237
-87.68059554	41.96143647
-87.68030625	41.96144
-87.67993327	41.96144488
-87.67979475	41.96144707
-87.67970022	41.96144857
-87.67959638	41.96145021
-87.67949842	41.96145176
-87.67913306	41.96145569
-87.67895915	41.96145825
-87.67861272	41.96146334
-87.67830418	41.96146509
-87.67823254	41.96146565
-87.67794777	41.96146786
-87.67761873	41.96147131
-87.67748787	41.96147304
-87.67736265	41.9614747
-87.67681208	41.96148292
-87.67673902	41.96148401
-87.6761819	41.96149232
-87.67600124	41.96149531
-87.67585413	41.96149774
-87.67524646	41.96150447
-87.67515072	41.96150628
-87.67507807	41.96150817
-87.67491034	41.96151253
-87.67464778	41.96151629
-87.67452107	41.96151751
-87.67432303	41.9615195
-87.67423232	41.96152059
-87.6741771	41.96152126
-87.67410867	41.96152209
-87.67397666	41.96152543
-87.67397266	41.96140531
-87.67395902	41.9609231
-87.67394734	41.96050877
-87.67393797	41.96017963
-87.67392827	41.95984031
-87.67392551	41.95970498
-87.6739229	41.9595773
-87.67390851	41.95907541
-87.67389391	41.95856584
-87.67387828	41.95802056
-87.67387667	41.95796295
-87.67388599	41.95787757
-87.67389498	41.95779527
-87.67388717	41.95765028
-87.67387446	41.95715726
-87.67386084	41.95670293
-87.67385577	41.95653446
-87.67384677	41.95623425
-87.67384268	41.95606732
-87.67384051	41.95597878
-87.67383113	41.95566556
-87.67382163	41.95534943
-87.67380949	41.95494333
-87.67380033	41.95463801
-87.67379204	41.95436118
-87.67379298	41.95427988
-87.67379366	41.95422191
-87.67379436	41.95416169
-87.67379531	41.9540797
-87.67378493	41.95372196
-87.67377887	41.95351314
-87.67376758	41.95312554
-87.67375984	41.95285771
-87.67375025	41.95252797
-87.67375268	41.95240027
-87.67375401	41.95233066
-87.67374793	41.95211388
-87.67373833	41.95176869
-87.67372884	41.95142665
-87.67371903	41.9510738
-87.67371725	41.95099294
-87.67371042	41.95068204
-87.67371737	41.9505778
-87.67372382	41.95048097
-87.6737154	41.95015683
-87.67370718	41.94984108
-87.67370701	41.94983439
-87.67370246	41.94966054
-87.67369722	41.94945977
-87.67369173	41.94925055
-87.67368652	41.9490463
-87.67368429	41.94895968
-87.67368053	41.94882845
-87.67367311	41.94874883
-87.67364614	41.94845941
-87.67364132	41.94827436
-87.67363398	41.94799123
-87.67362978	41.9478282
-87.67362049	41.94756039
-87.6736193	41.94742638
-87.67361857	41.9474022
-87.67361144	41.94716495
-87.67372245	41.94692668
-87.67365266	41.94646473
-87.67365145	41.94611522
-87.67364539	41.9458007
-87.67363551	41.94548967
-87.67363193	41.94537719
-87.67362048	41.94509486
-87.67361162	41.94487658
-87.67360735	41.94466986
-87.67360634	41.94464137
-87.67359959	41.94445292
-87.67359068	41.9441889
-87.67358413	41.94399501
-87.67357972	41.94387045
-87.67357894	41.94384852
-87.67357717	41.94379841
-87.67357582	41.94376034
-87.67357505	41.94373865
-87.67357414	41.94371296
-87.67356702	41.94341909
-87.67355971	41.94327666
-87.6735452	41.94299394
-87.67354133	41.94282027
-87.6735404	41.94277858
-87.67353525	41.94244702
-87.67353401	41.94236696
-87.67353264	41.94227911
-87.67352995	41.94210569
-87.67352427	41.94190692
-87.67352247	41.94184401
-87.67351488	41.94145509
-87.67350934	41.94117086
-87.67350376	41.94099575
-87.6734994	41.9408589
-87.6734732	41.94054403
-87.67344746	41.94023467
-87.67343963	41.93980414
-87.67343995	41.93963261
-87.67344032	41.93942997
-87.67343232	41.93918706
-87.67343198	41.93917688
-87.67342431	41.93894416
-87.67342151	41.93871876
-87.67341943	41.93855099
-87.67341305	41.93828929
-87.67341248	41.93826605
-87.67340703	41.93804582
-87.67339897	41.93781011
-87.67339111	41.93758014
-87.67338495	41.93735
-87.6733831	41.93728059
-87.67337859	41.93711185
-87.67337368	41.93689942
-87.67336779	41.93664445
-87.67336271	41.9364411
-87.6733617	41.93640051
-87.67335495	41.93611128
-87.6733524	41.93598745
-87.67347292	41.93598593
-87.67339078	41.93363312
-87.67338221	41.93339501
-87.67336415	41.93234274