-87.78002229	41.99741355
-87.78049249	41.99741008
-87.78166061	41.99739959
-87.78241669	41.99738955
-87.78285175	41.9974003
-87.78286954	41.99627382
-87.7828695	41.99620738
-87.78286948	41.99616109
-87.78132334	41.99546556
-87.78004765	41.99489145
-87.77968257	41.99472142
-87.77952319	41.99464699
-87.77926951	41.99452843
-87.77899597	41.99440065
-87.77879205	41.9943077
-87.77876691	41.99429611
-87.7786961	41.99426348
-87.77856481	41.99420401
-87.77845569	41.99415433
-87.77838838	41.99412368
-87.77828718	41.9940766
-87.77821021	41.99404058
-87.77813829	41.99400689
-87.77808575	41.99398229
-87.77802384	41.99395332
-87.77796434	41.99392545
-87.77781885	41.99385705
-87.77783285	41.99377097
-87.77783536	41.99368018
-87.77783894	41.99344612
-87.77784182	41.99325895
-87.77784372	41.99313418
-87.77784329	41.9930642
-87.77784643	41.99291221
-87.77785032	41.99279355
-87.7778512	41.99271301
-87.77785228	41.99261419
-87.77785362	41.99249461
-87.77785452	41.99241657
-87.77785547	41.99232816
-87.7778565	41.99223453
-87.77785911	41.99212513
-87.77786107	41.99205239
-87.77786345	41.99196409
-87.77786615	41.99186532
-87.77786744	41.99181905
-87.77786955	41.99170295
-87.77787152	41.99159468
-87.77787221	41.99154872
-87.77787487	41.99137006
-87.77787719	41.99121752
-87.77788006	41.99102687
-87.7778833	41.99081069
-87.77788618	41.99061993
-87.77788705	41.9905617
-87.77788809	41.99049264
-87.77789037	41.9903401
-87.77789112	41.99020239
-87.77789159	41.99011535
-87.77789518	41.98996148
-87.77789863	41.98981353
-87.77790046	41.98969142
-87.77790205	41.98958978
-87.77790426	41.98951117
-87.7779077	41.98938929
-87.77790885	41.98934843
-87.77791169	41.98920857
-87.77791552	41.98901762
-87.7779168	41.98895375
-87.77791857	41.98886506
-87.77792218	41.98868709
-87.77792524	41.9885345
-87.77792841	41.98839036
-87.77793223	41.98821673
-87.77793694	41.98796242
-87.77793977	41.98781002
-87.7779433	41.9876194
-87.77794585	41.98747943
-87.77795131	41.98720619
-87.7779578	41.98685832
-87.77796338	41.98655885
-87.77796661	41.9863858
-87.77797177	41.98610399
-87.77797458	41.98595069
-87.77798104	41.98559743
-87.77798383	41.98544484
-87.77798773	41.98522862
-87.77799031	41.98508862
-87.77799304	41.98493608
-87.77799753	41.98473128
-87.77799846	41.98468883
-87.77800233	41.98450957
-87.77800882	41.98419037
-87.77801628	41.98387389
-87.77802135	41.98365822
-87.77802706	41.98341665
-87.77803008	41.98328949
-87.77803276	41.98317477
-87.77803608	41.98303481
-87.77803847	41.98290486
-87.77824435	41.98290909
-87.77845811	41.98290935
-87.77851703	41.98290942
-87.77862745	41.98290955
-87.77877243	41.98290972
-87.77887284	41.98290986
-87.77903673	41.98291006
-87.77922965	41.98290919
-87.77944225	41.98290823
-87.77967856	41.98290811
-87.77979865	41.98290805
-87.77991491	41.98290799
-87.7801681	41.98290786
-87.7804346	41.98290409
-87.78057398	41.98290271
-87.78069215	41.9829035
-87.7810293	41.98290474
-87.78121504	41.98290459
-87.78143469	41.98290446
-87.78166938	41.9829047
-87.7819215	41.98290496
-87.78223336	41.98290477
-87.78265211	41.98290452
-87.78285367	41.98290329
-87.782988	41.98290289
-87.7831399	41.98290214
-87.78331371	41.98290355
-87.7836092	41.98291378
-87.78377763	41.98291463
-87.78404995	41.98290639
-87.7843576	41.98289962
-87.78449222	41.98289876
-87.78467819	41.98289775
-87.78506575	41.98289642
-87.78542003	41.98289545
-87.78565674	41.98289551
-87.78597731	41.98289625
-87.78624701	41.98289671
-87.78651503	41.98289655
-87.78680515	41.98289638
-87.78690637	41.98289617
-87.78705817	41.98289596
-87.78711871	41.98289594
-87.7872268	41.98289591
-87.78744634	41.98289608
-87.78755097	41.98289732
-87.78773497	41.98289868
-87.78773701	41.98279776
-87.78774066	41.98261697
-87.78774318	41.98249217
-87.7877458	41.98236249
-87.78775004	41.98215255
-87.7877516	41.98207509
-87.78775173	41.98206114
-87.78775417	41.98179508
-87.78776005	41.98158952
-87.78776351	41.98145518
-87.78776588	41.98135481
-87.78776834	41.9812563
-87.78777035	41.98107608
-87.78777161	41.98096389
-87.78777397	41.98086303
-87.78777751	41.98071217
-87.78778159	41.98050988
-87.78778478	41.98033345
-87.78778894	41.98014417
-87.78779112	41.98004336
-87.78779327	41.97994274
-87.78779651	41.97977873
-87.7877981	41.97969065
-87.7877997	41.97958973
-87.78780119	41.9794888
-87.78780546	41.97927226
-87.78780891	41.97909733
-87.78781218	41.97893395
-87.78782132	41.97849226
-87.78782415	41.97834129
-87.78782647	41.97821528
-87.78782935	41.97806371
-87.78783175	41.97793743
-87.78783303	41.97787547
-87.78783467	41.97780619
-87.78783829	41.97759759
-87.78783999	41.97746928
-87.7878414	41.97736284
-87.78784402	41.97722778
-87.78784941	41.97696873
-87.787853	41.97679622
-87.78785368	41.97675928
-87.78785406	41.97673028
-87.78785542	41.97662493
-87.78785649	41.9764222
-87.78786033	41.97628611
-87.78786508	41.97611826
-87.78786857	41.97598423
-87.7878709	41.97584889
-87.78787378	41.9756528
-87.78787548	41.97553671
-87.78787948	41.97533138
-87.78788295	41.97520889
-87.78788824	41.97495074
-87.78789235	41.97475329
-87.78789563	41.97459321
-87.78789936	41.97438411
-87.78790419	41.97415017
-87.78790657	41.9740392
-87.78790527	41.97386466
-87.78790633	41.97384169
-87.78791486	41.97365813
-87.78791719	41.9735226
-87.78792196	41.97331346
-87.78792567	41.97314106
-87.78792899	41.97290708
-87.78793349	41.97267332
-87.78793778	41.97246368
-87.78794368	41.97218073
-87.78794717	41.97202567
-87.78794767	41.97200341
-87.78795115	41.97184827
-87.78795439	41.97168841
-87.78795748	41.97151587
-87.78796094	41.97134371
-87.78796427	41.97114689
-87.78796714	41.97101559
-87.78796974	41.97089766
-87.78797287	41.97073752
-87.78797474	41.97063907
-87.78797836	41.97043031
-87.7879814	41.97030721
-87.78798238	41.97022452
-87.7879836	41.97012227
-87.78798635	41.96999964
-87.78799078	41.96980243
-87.78799284	41.96967928
-87.7879947	41.9695685
-87.78799698	41.96943301
-87.78799946	41.96928505
-87.78800346	41.96913735
-87.78800439	41.96910293
-87.78800746	41.96898962
-87.78800941	41.96888824
-87.78812411	41.96888842
-87.78831231	41.96888674
-87.78858086	41.96888433
-87.78863962	41.96888384
-87.78909651	41.96887975
-87.78921971	41.96887867
-87.78933922	41.96887761
-87.78972115	41.96887421
-87.78979369	41.96887356
-87.78985245	41.96887302
-87.79030699	41.96886897
-87.79054963	41.96886682
-87.7910063	41.96886272
-87.79106506	41.96886223
-87.79109323	41.96886198
-87.79152173	41.96885813
-87.79164373	41.96885702
-87.79164429	41.96885702
-87.79176452	41.96885593
-87.79221935	41.96885187
-87.79227811	41.96885132
-87.79273302	41.96884727
-87.79285345	41.96884552
-87.79285348	41.96884552
-87.79285445	41.9688455
-87.79297581	41.96884374
-87.79342947	41.96883968
-87.79348823	41.96883913
-87.79394203	41.96883506
-87.7940642	41.96883409
-87.79406496	41.96883408
-87.79418482	41.96883313
-87.79464016	41.96882923
-87.79469893	41.96882873
-87.79490772	41.96882695
-87.79515442	41.96882483
-87.79527806	41.96882376
-87.79527872	41.96882376
-87.79531883	41.96882341
-87.79533607	41.96882326
-87.79536523	41.96882301
-87.7953972	41.96882273
-87.79541668	41.96882257
-87.79548171	41.96882201
-87.79551224	41.96882175
-87.79558245	41.96882115
-87.79561023	41.96882091
-87.79567242	41.96882037
-87.79570811	41.96882007
-87.7957759	41.96881949
-87.79577684	41.96881948
-87.79580754	41.96881922
-87.79585269	41.96881883
-87.79588316	41.96881857
-87.79589236	41.9688185
-87.79591146	41.96881834
-87.79599038	41.96881766
-87.79599965	41.96881758
-87.79608559	41.96881684
-87.79610817	41.96881665
-87.79616253	41.96881618
-87.79619699	41.96881589
-87.79625925	41.96881535
-87.79631094	41.96881491
-87.79636695	41.96881443
-87.79640364	41.96881411
-87.79648891	41.96881337
-87.79660973	41.96881233
-87.79706478	41.96880842
-87.79712352	41.96880908
-87.79712355	41.96880792
-87.79742522	41.96880533
-87.79757867	41.96880401
-87.79769986	41.96880131
-87.79769987	41.96880131
-87.79770151	41.96880128
-87.79782141	41.96879861
-87.7982782	41.96879761
-87.79833703	41.9687975
-87.79878934	41.96879648
-87.79891222	41.96879667
-87.79903504	41.96879686
-87.79949016	41.96879338
-87.79954922	41.96879294
-87.79958767	41.96879264
-87.8000014	41.96878944
-87.80012226	41.96878866
-87.80012328	41.96878866
-87.80024418	41.96878788
-87.80069532	41.96878531
-87.8007096	41.96878523
-87.80075415	41.96878498
-87.8012064	41.96878241
-87.80133442	41.96878155
-87.80144911	41.96878079
-87.80188759	41.96877832
-87.80194643	41.96877799
-87.80228416	41.96877609
-87.80239683	41.96877546
-87.80252342	41.96877313
-87.80252464	41.96877311
-87.80252497	41.96875089
-87.80252514	41.96873937
-87.80252547	41.96871717
-87.80252548	41.96871662
-87.80252627	41.96866252
-87.80252732	41.9685911
-87.80252893	41.96847756
-87.80252913	41.96847514
-87.80252817	41.96840941
-87.80254225	41.96829705
-87.80254227	41.96829705
-87.80270117	41.96829586
-87.80279081	41.96829531
-87.80284363	41.96829499
-87.80293964	41.96829436
-87.8031302	41.96829313
-87.8034676	41.96829166
-87.80369041	41.96828982
-87.80373432	41.96828945
-87.80377823	41.96828909
-87.80387832	41.96828898
-87.80396879	41.96828888
-87.8040763	41.96828876
-87.80441362	41.96828675
-87.80471708	41.96828469
-87.80485583	41.96828372
-87.80513917	41.96828172
-87.8053522	41.96828039
-87.80540975	41.96828003
-87.80566315	41.96827908
-87.80591162	41.96827803
-87.80594233	41.96827795
-87.80602518	41.96827774
-87.8061851	41.96827734
-87.80633867	41.96827637
-87.80644031	41.96827574
-87.80657847	41.96827484
-87.8066608	41.96827431
-87.80684324	41.96827286
-87.80696696	41.96827156
-87.807156	41.96826958
-87.80715513	41.96838919
-87.80715338	41.96862878
-87.80714728	41.96886017
-87.80714644	41.96889217
-87.80714644	41.96889217
-87.807146	41.96909806
-87.80714582	41.96918086
-87.80713849	41.96937945
-87.80713088	41.96951832
-87.80713088	41.96951833
-87.80712175	41.96970193
-87.80711881	41.96983125
-87.80711841	41.96984878
-87.80711446	41.97007436
-87.80711347	41.97013122
-87.8071123	41.97019776
-87.80710999	41.97037209
-87.80710826	41.97049648
-87.80710656	41.97059603
-87.80710366	41.97076931
-87.80710111	41.97091367
-87.80709858	41.97105691
-87.80709741	41.97110487
-87.80709735	41.97110773
-87.80709466	41.97123362
-87.80709323	41.97138498
-87.8070919	41.97152373
-87.80709044	41.97167503
-87.80708946	41.97177585
-87.80708824	41.97188529
-87.807087	41.97199632
-87.80708665	41.9720279
-87.80708548	41.97211603
-87.807084	41.97222961
-87.80708237	41.97235567
-87.80708051	41.97251946
-87.8070767	41.97267517
-87.80707546	41.97272572
-87.80707158	41.97288465
-87.80706405	41.97300898
-87.80705997	41.97319634
-87.80706025	41.97336239
-87.80706244	41.97352604
-87.80706537	41.97367528
-87.80706562	41.97368791
-87.80706894	41.97385694
-87.80706517	41.97414591
-87.80706254	41.97433514
-87.80706669	41.97453821
-87.80706669	41.97453821
-87.80716629	41.97453824
-87.80729193	41.97453828
-87.80753073	41.97453136
-87.80760019	41.97452968
-87.80771685	41.97452686
-87.80782592	41.97452389
-87.8080553	41.97451765
-87.80823782	41.97451316
-87.80829129	41.97451185
-87.80857919	41.97450476
-87.80861015	41.97450408
-87.8087635	41.97450069
-87.80896512	41.97449505
-87.80933707	41.97448473
-87.80935563	41.97448426
-87.8093583	41.97448419
-87.80951893	41.97448009
-87.80977501	41.97447356
-87.81004565	41.97446684
-87.81026488	41.97446133
-87.81044868	41.97445672
-87.81056848	41.97445371
-87.81066045	41.97445128
-87.81075369	41.97444881
-87.81087211	41.97444568
-87.81098891	41.97444259
-87.81117577	41.97443762
-87.81142969	41.97443093
-87.81173354	41.9744238
-87.81200478	41.97441639
-87.81200479	41.97441639
-87.81200479	41.97441639
-87.8122246	41.97441045
-87.81225852	41.97440949
-87.81232634	41.97440759
-87.81245214	41.97440429
-87.81254487	41.97440186
-87.81258438	41.97440082
-87.81271415	41.97439741
-87.81298351	41.97438979
-87.81306128	41.97438775
-87.81321617	41.97438369
-87.81326319	41.97438245
-87.81340608	41.9743787
-87.81355193	41.97437486
-87.81359088	41.97437383
-87.81369932	41.97437101
-87.81381003	41.97436813
-87.81382523	41.97436773
-87.81383633	41.97436744
-87.81399556	41.97436331
-87.81423133	41.97435785
-87.81431318	41.97435593
-87.81445468	41.97435261
-87.81458103	41.97434964
-87.81467257	41.97434749
-87.81487481	41.97434166
-87.81516231	41.9743328
-87.81538309	41.97432677
-87.81548358	41.97432421
-87.8156833	41.97432001
-87.81570204	41.9743198
-87.81572243	41.97431957
-87.81586925	41.97431665
-87.81595875	41.97431488
-87.81619284	41.97430808
-87.81668655	41.97429373
-87.81685287	41.97429029
-87.81691746	41.97428895
-87.81692048	41.974084
-87.81692231	41.97398525
-87.81692364	41.97391116
-87.81692371	41.97390618
-87.81692457	41.97383608
-87.81692471	41.97382483
-87.81692595	41.97368897
-87.81692727	41.97352539
-87.81692842	41.97338339
-87.81692935	41.97326794
-87.81693023	41.97309624
-87.81693126	41.97288607
-87.8169326	41.97277504
-87.81693484	41.97257514
-87.81693618	41.97247498
-87.8169381	41.97233056
-87.81693948	41.97213298
-87.81694082	41.97198488
-87.81694199	41.97184908
-87.81694343	41.9716762
-87.8169449	41.97156773
-87.81694661	41.97144158
-87.81694727	41.97126884
-87.81694745	41.97121931
-87.8169498	41.97114961
-87.81694836	41.97109763
-87.81694938	41.97100326
-87.81695069	41.97088181
-87.816952	41.97077386
-87.81695335	41.9706602
-87.81695336	41.9706602
-87.81707645	41.97065463
-87.8171891	41.97065186
-87.81718931	41.97065185
-87.81718936	41.97065185
-87.81723284	41.97065078
-87.8172894	41.97064939
-87.81737996	41.97064722
-87.81738496	41.97064707
-87.8175209	41.97064373
-87.81752723	41.9706436
-87.81767435	41.97063998
-87.81767935	41.97063983
-87.81775607	41.97063798
-87.81782161	41.97063636
-87.81796874	41.97063274
-87.81797374	41.97063259
-87.81800243	41.9706319
-87.81811593	41.97062912
-87.81826217	41.97062555
-87.81826585	41.97062545
-87.81841025	41.97062193
-87.81855744	41.97061831
-87.81865572	41.9706159
-87.81870463	41.97061469
-87.81885183	41.97061107
-87.81898674	41.97060777
-87.81898667	41.97061772
-87.81898666	41.97061852
-87.81898666	41.97061853
-87.81898542	41.97078955
-87.81898488	41.97086644
-87.81898459	41.970902
-87.81898376	41.9710144
-87.818983	41.97112685
-87.81898255	41.97118322
-87.81898217	41.97123931
-87.81898134	41.97135176
-87.8189812	41.97136982
-87.81898051	41.97146416
-87.81897984	41.97155642
-87.81897968	41.97157661
-87.81897892	41.97168907
-87.81897849	41.97174302
-87.81897809	41.97180147
-87.81897726	41.97191392
-87.81897713	41.97192962
-87.81897643	41.97202638
-87.81897578	41.97211622
-87.8189756	41.97213883
-87.81897484	41.97225123
-87.81897443	41.97230282
-87.81897401	41.97236368
-87.81897313	41.97248157
-87.81897307	41.97248942
-87.81897185	41.97265983
-87.81897172	41.97267602
-87.81897049	41.97284626
-87.81897036	41.97286262
-87.81896955	41.97297244
-87.81896901	41.97304922
-87.81896871	41.97309587
-87.81896779	41.97321924
-87.81934288	41.97322059
-87.81943177	41.9732196
-87.81943251	41.97321959
-87.81943366	41.97346002
-87.81943368	41.9734647
-87.81943318	41.97355201
-87.81943241	41.9736385
-87.81943063	41.97374952
-87.81942724	41.97389767
-87.8194266	41.97395872
-87.81942609	41.97403098
-87.81939806	41.97422256
-87.81939806	41.97422257
-87.81939807	41.97422257
-87.81966947	41.97421674
-87.81966951	41.97421674
-87.8196807	41.9742165
-87.82009451	41.97420545
-87.82027409	41.97420094
-87.82039149	41.974198
-87.82080453	41.97418694
-87.82116805	41.97417743
-87.82140023	41.9741718
-87.8215141	41.97416903
-87.82185041	41.97415977
-87.82185041	41.97415977
-87.82185041	41.97415977
-87.82202305	41.97415501
-87.82204569	41.97415439
-87.82225914	41.97414895
-87.82243854	41.97414456
-87.82275558	41.9741368
-87.82293909	41.97413146
-87.82305338	41.97412814
-87.82330056	41.97412213
-87.82349973	41.97411739
-87.8238407	41.97410983
-87.82404024	41.97410541
-87.82405076	41.97410508
-87.82425892	41.97409869
-87.8246856	41.97408717
-87.82479576	41.9740842
-87.82479577	41.9740842
-87.8249181	41.97408101
-87.82501602	41.97407839
-87.82516535	41.97407494
-87.8253689	41.97406984
-87.82541867	41.97406859
-87.82562623	41.97406177
-87.82575455	41.97405754
-87.8258067	41.97405583
-87.82588337	41.97405331
-87.82604419	41.97405088
-87.82614068	41.97404942
-87.82644421	41.9740408
-87.82673538	41.97403362
-87.82673531	41.97384362
-87.82673779	41.97374325
-87.82673969	41.97369359
-87.82674124	41.9735178
-87.82674269	41.97335255
-87.82674279	41.9732146
-87.82674256	41.9731427
-87.82674258	41.9731427
-87.82679005	41.9731419
-87.82696952	41.97313879
-87.82726471	41.97313367
-87.8274389	41.97313065
-87.82755983	41.97312855
-87.82770731	41.97312596
-87.82785502	41.97312343
-87.82797566	41.97312133
-87.82815021	41.97311831
-87.82824415	41.97311663
-87.8282885	41.97311587
-87.82828859	41.97311587
-87.82828899	41.97311587
-87.82844533	41.97311318
-87.82851249	41.973112
-87.82874052	41.97310801
-87.82878091	41.9731073
-87.82903572	41.97310288
-87.82904925	41.97310267
-87.82931767	41.97309803
-87.82933083	41.97309776
-87.82958608	41.97309333
-87.82962595	41.97309263
-87.82985442	41.97308869
-87.82992114	41.9730875
-87.83012284	41.973084
-87.83021633	41.97308238
-87.83039126	41.97307935
-87.83051145	41.97307725
-87.83065967	41.97307466
-87.83080657	41.97307212
-87.83092802	41.97307001
-87.83117561	41.97306572
-87.83119643	41.97306532
-87.83146485	41.97306067
-87.83172914	41.97305606
-87.83172795	41.97318976
-87.8317277	41.97322093
-87.8317263	41.97338168
-87.83172421	41.97361059
-87.83172413	41.97361976
-87.83172219	41.97383956
-87.8317226	41.97394856
-87.83174461	41.97394816
-87.8319001	41.97394533
-87.83190994	41.97394515
-87.83208101	41.97394218
-87.83219506	41.9739402
-87.83235667	41.97393752
-87.83248569	41.97393537
-87.83262291	41.97393357
-87.83265566	41.97393314
-87.83271604	41.97393235
-87.83287743	41.9739294
-87.83287743	41.9739294
-87.83306953	41.9739259
-87.83341848	41.97392029
-87.83341848	41.9739203
-87.83341756	41.97403082
-87.83341658	41.9742503
-87.83341572	41.97447246
-87.83341493	41.9746297
-87.83341465	41.97469468
-87.83341372	41.97491685
-87.83341422	41.97491684
-87.83341423	41.97491684
-87.83341643	41.9749168
-87.83345654	41.97491607
-87.83349204	41.97491543
-87.83349281	41.97491542
-87.83350883	41.97491513
-87.8335346	41.97491467
-87.83358189	41.97491382
-87.83363013	41.97491296
-87.83363009	41.97492784
-87.83362999	41.97494015
-87.83362997	41.97494383
-87.83362997	41.97494383
-87.83362972	41.97497486
-87.8336295	41.97500293
-87.83362935	41.97502306
-87.83362902	41.9750651
-87.83362863	41.97511514
-87.83362836	41.97514967
-87.83362799	41.97519714
-87.83362758	41.97524894
-87.83362719	41.97529929
-87.83362691	41.97533526
-87.83362665	41.97536805
-87.83365494	41.97536757
-87.83380562	41.97536504
-87.83396128	41.97536248
-87.83398033	41.97536218
-87.83415496	41.97535926
-87.83429583	41.97535691
-87.83432967	41.97535634
-87.83450431	41.97535342
-87.83463046	41.97535134
-87.83467901	41.97535051
-87.83485365	41.97534759
-87.83496509	41.97534577
-87.83502828	41.97534467
-87.83520299	41.97534175
-87.83529965	41.97534014
-87.83537762	41.97533888
-87.83549176	41.97533698
-87.83549238	41.97533697
-87.83555233	41.97533596
-87.83560592	41.97533505
-87.83562658	41.97533469
-87.83562658	41.97533469
-87.83562681	41.97533469
-87.83563428	41.97533456
-87.83570002	41.97533349
-87.83570003	41.97533349
-87.83572012	41.97533316
-87.83572696	41.97533304
-87.83576094	41.97533247
-87.83576711	41.97533237
-87.83581803	41.97533152
-87.83582968	41.97533132
-87.83590167	41.97533012
-87.8359464	41.97532939
-87.83594648	41.97532939
-87.83596572	41.97532907
-87.83600186	41.97532847
-87.83605092	41.97532764
-87.83605109	41.97532763
-87.8360763	41.9753272
-87.8361393	41.97532615
-87.8362288	41.97532466
-87.83625108	41.97532428
-87.83634205	41.97532276
-87.83641616	41.97532152
-87.83644117	41.9753211
-87.83645854	41.97532004
-87.8365122	41.97531678
-87.83657934	41.97531269
-87.83662674	41.97530981
-87.83662677	41.97532629
-87.83662671	41.97532629
-87.83662494	41.97558668
-87.83662451	41.97565052
-87.83662418	41.97569936
-87.83662378	41.97575888
-87.83662328	41.97583393
-87.83662296	41.97588313
-87.83662091	41.97608062
-87.83662091	41.97608079
-87.83661888	41.97626588
-87.83661723	41.97646076
-87.83661616	41.97658727
-87.83661448	41.97674747
-87.83661212	41.97696628
-87.83661182	41.97699443
-87.83661117	41.97721745
-87.83661102	41.97727054
-87.83661085	41.97732736
-87.83660796	41.97747095
-87.8366057	41.97758362
-87.83660324	41.97768201
-87.83659471	41.97802585
-87.83658362	41.97931232
-87.83658162	41.97954448
-87.83658157	41.9800304
-87.83658145	41.98113678
-87.83658143	41.98127489
-87.8365813	41.98251427
-87.83658121	41.98336529
-87.83658111	41.98421985
-87.83658111	41.98425341
-87.8365811	41.98436041
-87.83658108	41.98450689
-87.83658103	41.9849669
-87.83658091	41.98613342
-87.83658088	41.98639611
-87.83539404	41.98622656
-87.83485504	41.98614955
-87.83401213	41.98602912
-87.83355924	41.98596441
-87.83355922	41.98596441
-87.82679957	41.98499835
-87.82373473	41.98456019
-87.82351657	41.98453343
-87.82349261	41.98453033
-87.82332742	41.98450899
-87.82332739	41.98450923
-87.82328139	41.9848437
-87.82328137	41.98484383
-87.82328135	41.98484399
-87.82327355	41.98489892
-87.82325819	41.98500747
-87.82324352	41.98512231
-87.82324352	41.98512233
-87.82321971	41.98530836
-87.82320033	41.98544639
-87.82319006	41.98552038
-87.82317086	41.98566382
-87.8231523	41.98579605
-87.82315229	41.98579606
-87.82314344	41.98585898
-87.82312661	41.9859906
-87.82310783	41.98614098
-87.8231003	41.98619767
-87.82309675	41.98622432
-87.82309312	41.98625161
-87.82307575	41.9863761
-87.82305543	41.98652159
-87.82303617	41.98666704
-87.82303617	41.98666705
-87.82302623	41.98674198
-87.8229988	41.98695212
-87.82297764	41.98710532
-87.82297747	41.98710655
-87.82297745	41.98710669
-87.82294608	41.98733558
-87.82293444	41.98742071
-87.82291712	41.98755009
-87.82291711	41.9875501
-87.82289079	41.9877468
-87.82286802	41.98791722
-87.82282897	41.98821929
-87.82277511	41.9886168
-87.82275363	41.98877266
-87.82274402	41.98884234
-87.82272333	41.98899489
-87.82269707	41.98918846
-87.8226954	41.9892008
-87.82267591	41.98934769
-87.82265685	41.98948704
-87.82263023	41.98968145
-87.82262645	41.98970902
-87.82259443	41.98993662
-87.82257358	41.99008326
-87.82255665	41.99021803
-87.8225394	41.9903556
-87.82251976	41.99049308
-87.8224981	41.99065788
-87.82247611	41.99082735
-87.82244196	41.99107763
-87.82241946	41.99124147
-87.82240033	41.99138068
-87.82238398	41.99150147
-87.82236229	41.99166536
-87.82235388	41.99172373
-87.82234995	41.99175095
-87.82234933	41.99175531
-87.82233203	41.99187515
-87.82233167	41.99187766
-87.82230879	41.99203617
-87.82227157	41.99231012
-87.82222393	41.99266759
-87.82221902	41.99270442
-87.82219354	41.99289549
-87.8221637	41.99311193
-87.82212784	41.993333
-87.82212783	41.99333301
-87.82208252	41.99361228
-87.8220184	41.99399453
-87.82194896	41.99439664
-87.82185019	41.99498063
-87.82181538	41.9951865
-87.82180964	41.99522045
-87.82176958	41.99542765
-87.82172257	41.99565576
-87.82166615	41.99588959
-87.82160915	41.99612583
-87.82157431	41.99625405
-87.82141432	41.99685053
-87.82136022	41.99685271
-87.82110958	41.99686284
-87.82086099	41.99686881
-87.82056762	41.99687652
-87.82002529	41.99689079
-87.81979328	41.99689735
-87.81940806	41.99690825
-87.81901064	41.99691764
-87.81830491	41.99693431
-87.81770977	41.99695022
-87.81717005	41.99696464
-87.81669396	41.99697693
-87.81576172	41.99700098
-87.81553863	41.9970066
-87.81463456	41.99702937
-87.81400756	41.99704539
-87.81357746	41.99705691
-87.81306778	41.99707058
-87.81290055	41.99707491
-87.81216179	41.99709406
-87.81208934	41.99709594
-87.81154741	41.99710969
-87.81111907	41.99712056
-87.81093528	41.99712503
-87.81035351	41.99712427
-87.81031908	41.99654519
-87.81032198	41.99631442
-87.81032582	41.99600972
-87.81032736	41.99586596
-87.81032863	41.99574736
-87.81033007	41.9956162
-87.8103334	41.99541965
-87.81002122	41.99541696
-87.8093586	41.99541267
-87.80886461	41.99540949
-87.80851324	41.99540725
-87.8082215	41.99540537
-87.80792865	41.9954035
-87.80742151	41.99539738
-87.80735109	41.99539653
-87.80723991	41.99539519
-87.80681812	41.99539194
-87.80681612	41.99555686
-87.80681282	41.99577493
-87.80680876	41.99604348
-87.80680802	41.99609232
-87.80680531	41.99623413
-87.80680494	41.99638616
-87.80680425	41.99667023
-87.80680099	41.99697844
-87.80679845	41.99721806
-87.80679637	41.99735402
-87.80679465	41.9974693
-87.8067919	41.99777064
-87.80678966	41.99801683
-87.80678281	41.99854546
-87.80678203	41.99862037
-87.80678183	41.99863852
-87.80677811	41.99899379
-87.80677719	41.99910125
-87.80677623	41.99922017
-87.80677476	41.99938622
-87.8067741	41.99950493
-87.80677237	41.99981027
-87.8067707	41.99996051
-87.8067701	42.0000144
-87.80676801	42.00019696
-87.80676595	42.00037953
-87.80676436	42.00051917
-87.80675853	42.00083736
-87.80663549	42.00083894
-87.80583595	42.00084915
-87.80538847	42.0008587
-87.80530871	42.00090433
-87.8052972	42.00138697
-87.80529715	42.00138893
-87.80529685	42.00140173
-87.80529455	42.00149782
-87.80503738	42.00149672
-87.80501098	42.00149661
-87.80470141	42.00149528
-87.80468275	42.00149982
-87.8046554	42.00150123
-87.80459616	42.00150205
-87.80453626	42.00150277
-87.8044424	42.00150387
-87.80435707	42.0015049
-87.80420389	42.00150672
-87.80415087	42.00150736
-87.80413251	42.00150758
-87.80410131	42.00150795
-87.80400723	42.00150905
-87.80389611	42.00151041
-87.80381932	42.00151132
-87.80369116	42.00151284
-87.80353468	42.0015147
-87.80337705	42.00151658
-87.80335766	42.00151681
-87.80308538	42.00152006
-87.80295741	42.00152158
-87.80295618	42.00152159
-87.8029383	42.00152181
-87.80278806	42.00152359
-87.80277767	42.00152371
-87.80258991	42.00152595
-87.80249586	42.00152705
-87.80247921	42.00152725
-87.80232745	42.00152905
-87.80212036	42.00153152
-87.80209738	42.00153179
-87.80198648	42.00153314
-87.80187536	42.00153444
-87.80172267	42.00153625
-87.80171208	42.00153638
-87.80171057	42.00153639
-87.8016791	42.00153677
-87.80154275	42.00153767
-87.80143186	42.00153815
-87.80125238	42.00153888
-87.8012521	42.00153888
-87.80107851	42.0015402
-87.8010861	42.00087245
-87.8010861	42.00087244
-87.79965935	42.00086917
-87.79948988	42.00002976
-87.79948108	41.99998619
-87.79948091	41.99998535
-87.79932943	41.99998692
-87.79928944	41.99998734
-87.79915194	41.99998922
-87.7990145	41.99998765
-87.79893388	41.99998918
-87.79876915	41.99999233
-87.79871579	41.99999334
-87.79868021	41.99999402
-87.79857859	41.99999558
-87.79843401	41.99999543
-87.7982128	41.99999832
-87.79799163	42.00000121
-87.79787567	42.00000144
-87.79774528	42.00000177
-87.79774078	42.00000178
-87.79769694	42.00000191
-87.7976149	42.00000214
-87.79742675	42.00000258
-87.79714197	42.0000051
-87.79714197	42.0000051
-87.79714197	42.0000051
-87.7971298	42.00004029
-87.79712618	42.00005079
-87.79712596	42.00007242
-87.79712571	42.0000912
-87.79712554	42.00010491
-87.79712511	42.00014278
-87.79712443	42.00020229
-87.79712441	42.00024366
-87.79712435	42.00049858
-87.79712425	42.00087411
-87.79712423	42.00093966
-87.79712051	42.00093968
-87.79683041	42.00094156
-87.79674737	42.0009421
-87.79656208	42.00094301
-87.79639987	42.00094382
-87.79612212	42.00094543
-87.79593661	42.00094681
-87.79580909	42.00094783
-87.79555272	42.00094998
-87.79555272	42.00094998
-87.79555272	42.00094998
-87.79528773	42.00095222
-87.79507934	42.00095355
-87.7948477	42.00095488
-87.79468544	42.00095577
-87.79446576	42.00095723
-87.79431524	42.00095842
-87.79415313	42.00095966
-87.79394018	42.00096154
-87.79394017	42.00096154
-87.7937012	42.00096366
-87.79358541	42.00096421
-87.79333052	42.0009654
-87.79332402	42.00096543
-87.79313354	42.00096634
-87.79304122	42.00096678
-87.79282128	42.00096813
-87.79263603	42.00096935
-87.79246255	42.00097045
-87.79229618	42.00097148
-87.79204544	42.00097304
-87.79195287	42.00097351
-87.79174441	42.0009745
-87.79174264	42.00097452
-87.79163412	42.00097546
-87.79155845	42.00097612
-87.79116629	42.00098014
-87.79116627	42.00098014
-87.79103687	42.00083442
-87.79093541	42.00072071
-87.79090702	42.00068891
-87.79084277	42.00061693
-87.79076274	42.0005272
-87.79075283	42.00051612
-87.79074916	42.00051203
-87.79074908	42.00051193
-87.79074885	42.00051168
-87.79067539	42.00042968
-87.79065604	42.00040808
-87.79064803	42.00039914
-87.79064802	42.00039915
-87.79064218	42.00040171
-87.79053949	42.00045013
-87.79027036	42.00057701
-87.79019396	42.00061312
-87.79011531	42.00055273
-87.79008257	42.0005259
-87.79004799	42.0005006
-87.79000372	42.00047065
-87.78997498	42.00045525
-87.78994568	42.00044403
-87.78993257	42.00043961
-87.78980734	42.00039743
-87.78975601	42.0003852
-87.78972256	42.00037692
-87.78964571	42.00035454
-87.78960617	42.00034113
-87.78957221	42.0003281
-87.78944034	42.00028741
-87.78936614	42.00025588
-87.78930404	42.00022996
-87.78923999	42.00020839
-87.78921363	42.00020137
-87.78912497	42.00019291
-87.78899402	42.00012092
-87.78892647	42.00007834
-87.7888627	42.00005408
-87.78881946	42.00003842
-87.78876932	42.00002029
-87.78869187	41.99997827
-87.7886555	41.9999588
-87.78859592	41.99992639
-87.7885143	41.99985956
-87.7884924	41.99983945
-87.78846636	41.99981293
-87.78843267	41.99978514
-87.78839918	41.9997701
-87.78831168	41.99974096
-87.78826416	41.99972723
-87.78822549	41.99971404
-87.78811282	41.99966477
-87.7880701	41.99965337
-87.78801984	41.99964511
-87.78793358	41.99963477
-87.78792508	41.99963453
-87.78784431	41.99963297
-87.78781952	41.99963239
-87.78778763	41.99963523
-87.78776186	41.99963749
-87.78760915	41.99964138
-87.78757039	41.99964841
-87.78749255	41.99966503
-87.78742419	41.99968854
-87.78742384	41.99968866
-87.78736393	41.99971609
-87.78733141	41.99973322
-87.78729073	41.99975784
-87.78723172	41.99977594
-87.7872035	41.99978445
-87.787134	41.99980221
-87.787077	41.99981612
-87.78703431	41.99982649
-87.78695861	41.99983754
-87.78689736	41.9998457
-87.78686315	41.99984935
-87.78679593	41.99984154
-87.78673129	41.9998372
-87.78654846	41.99978375
-87.78652039	41.9997708
-87.78645098	41.99975258
-87.78636961	41.99974335
-87.78628686	41.99973566
-87.78618478	41.9997428
-87.78605332	41.99974415
-87.78597243	41.99974742
-87.78583247	41.99974022
-87.78569107	41.99972077
-87.78558963	41.99972125
-87.78533998	41.99975068
-87.78529394	41.99976328
-87.78528043	41.99976697
-87.78521723	41.99978753
-87.78513464	41.99982171
-87.78503666	41.99987401
-87.78497631	41.99990547
-87.78488821	41.99996433
-87.78483456	42.00000891
-87.78478999	42.00004473
-87.78473108	42.00008026
-87.78462921	42.00013595
-87.78456324	42.0001488
-87.78445292	42.00017341
-87.78435415	42.00018104
-87.78428006	42.00018886
-87.78416745	42.0001757
-87.78406233	42.00016411
-87.78396268	42.00015809
-87.78381657	42.00014284
-87.78369261	42.00011912
-87.78357491	42.00007289
-87.78348293	42.00004778
-87.78338337	42.00002321
-87.7832718	42.00000829
-87.78317524	42.00002018
-87.7831202	42.00004179
-87.78306062	42.00007704
-87.78302269	42.0001155
-87.78293914	42.00027431
-87.78292284	42.00031208
-87.78291306	42.00037984
-87.78290625	42.0005039
-87.78287088	42.00068219
-87.78286729	42.00070025
-87.78285161	42.000774
-87.78283349	42.00086639
-87.78279949	42.00100744
-87.78277741	42.00107161
-87.78272575	42.00119622
-87.78268519	42.00127989
-87.78264434	42.00136251
-87.78260539	42.00145082
-87.78250993	42.00162344
-87.78246941	42.00169822
-87.78241775	42.00179243
-87.78234224	42.00194804
-87.78229708	42.00203504
-87.7822569	42.00213391
-87.78220265	42.00225579
-87.78215208	42.00236782
-87.78210603	42.00246123
-87.78203462	42.00259255
-87.78195735	42.00268696
-87.78188452	42.00276252
-87.78180789	42.00283416
-87.7816946	42.00290746
-87.78164443	42.00293507
-87.78159248	42.00295189
-87.78151044	42.00295561
-87.78110125	42.00289618
-87.78098754	42.00286921
-87.78092522	42.00282945
-87.78091633	42.00282349
-87.7808269	42.00276355
-87.78074374	42.00267558
-87.78068075	42.00260755
-87.78062557	42.00253506
-87.78058127	42.00246715
-87.78053777	42.00238384
-87.78050534	42.00226621
-87.78047648	42.00215378
-87.78042731	42.00197695
-87.78039344	42.0018687
-87.78034239	42.00175668
-87.78028931	42.00160711
-87.78027657	42.00151078
-87.78026821	42.00140586
-87.78026876	42.001227
-87.78026838	42.00116651
-87.78026805	42.00111371
-87.78026008	42.00100635
-87.78023102	42.00080146
-87.78022332	42.00068793
-87.78020713	42.00045031
-87.78020953	42.00038553
-87.78019717	42.00020238
-87.78017909	42.00013256
-87.78014503	42.00000825
-87.7801263	41.9998647
-87.78010869	41.99977833
-87.78008474	41.99967213
-87.78006584	41.99955247
-87.78004824	41.99946894
-87.78001167	41.99933353
-87.77999521	41.99922845
-87.77999382	41.99918438
-87.77999137	41.99910668
-87.77999587	41.99902484
-87.78000321	41.99895026
-87.78001943	41.99882402
-87.78004356	41.99867998
-87.78005175	41.99858807
-87.78006107	41.99847593
-87.7800673	41.99841981
-87.78008003	41.99826169
-87.78008963	41.99812444
-87.78005775	41.99792032
-87.78004251	41.99779786
-87.78003569	41.99767387
-87.78003204	41.99754912
-87.78002317	41.99741963
-87.78002229	41.99741355306097)
(-87.83320990189756	41.98365989
-87.83321106	41.98356791
-87.83358399	41.98357112
-87.83358419	41.98355537
-87.8335849	41.98350246
-87.83358707	41.98333788
-87.83358944	41.98315677
-87.83359158	41.98299619
-87.83359255	41.98291853
-87.83359307	41.98288088
-87.83359375	41.98283144
-87.83359449	41.98277381
-87.8335956	41.98268874
-87.83359592	41.98266668
-87.83421037	41.98265635
-87.83445294	41.98267014
-87.83480047	41.98267272
-87.83491125	41.98267355
-87.83507161	41.98267474
-87.83507378	41.98250983
-87.83507595	41.98234485
-87.83507812	41.98217988
-87.83508029	41.98201496
-87.83508246	41.98184999
-87.83508462	41.98168507
-87.83508687	41.9815201
-87.83508994	41.98128642
-87.83509199	41.98114887
-87.83500767	41.9811494
-87.83482744	41.98114901
-87.83475559	41.98114886
-87.83452497	41.98115071
-87.83434964	41.98115581
-87.83435101	41.98099965
-87.83435336	41.98093822
-87.83435524	41.98084605
-87.83447696	41.98084595
-87.83509588	41.98083546
-87.83509821	41.98065984
-87.83510037	41.9804952
-87.83448145	41.98050568
-87.83423861	41.98050979
-87.83362057	41.98052027
-87.83324619	41.9805266
-87.83302556	41.98053036
-87.83281023	41.98053398
-87.83268936	41.98053603
-87.83266008	41.9805365
-87.83252722	41.98053872
-87.83236361	41.98054152
-87.83236302	41.98054152
-87.83224435	41.98054353
-87.83204786	41.98054678
-87.83202924	41.98054709
-87.83190999	41.98054915
-87.83181413	41.98055076
-87.83173777	41.98055202
-87.83172144	41.98055227
-87.83163066	41.9805538
-87.83161756	41.98055402
-87.83140245	41.98055763
-87.8313951	41.98055776
-87.83135147	41.98055851
-87.83118742	41.98056125
-87.83107221	41.98056321
-87.83106883	41.98056325
-87.83097238	41.98056486
-87.83079302	41.98056792
-87.83075727	41.98056847
-87.83074248	41.98056874
-87.83051994	41.98057254
-87.83051376	41.98057262
-87.83041614	41.98057423
-87.8303049	41.9805761
-87.83008987	41.98057971
-87.83007258	41.98058002
-87.82977471	41.98058502
-87.82976352	41.9805852
-87.82941158	41.98059112
-87.82919088	41.98059481
-87.82885946	41.98060038
-87.82886119	41.98032514
-87.82869139	41.98032795
-87.82869277	41.98019065
-87.82869349	41.9799698
-87.82869399	41.97980367
-87.82869456	41.97962914
-87.82869508	41.97946021
-87.82869565	41.97928573
-87.82817389	41.97929019
-87.82808179	41.97929115
-87.82808188	41.97927952
-87.82808224	41.97916808
-87.82808246	41.97912286
-87.82817447	41.97912318
-87.82869623	41.9791196
-87.82869689	41.97890561
-87.82869526	41.978839
-87.82864026	41.97883994
-87.82863735	41.9787694
-87.82863886	41.9784395
-87.82887132	41.97843575
-87.82892973	41.9784348
-87.82922068	41.97843009
-87.82940458	41.97842827
-87.82971693	41.97842321
-87.82971063	41.97813148
-87.83002313	41.97812615
-87.83002164	41.97805882
-87.83002562	41.97805867
-87.8300543	41.97805814
-87.83005209	41.97798841
-87.83004478	41.97769228
-87.83003741	41.97739609
-87.83003985	41.97732888
-87.83001844	41.97732924
-87.83001704	41.97732926
-87.82976502	41.97733348
-87.82964687	41.97733541
-87.82960729	41.97733621
-87.829603	41.97726592
-87.82960424	41.97695912
-87.82962741	41.97695873
-87.8298478	41.97695492
-87.82991651	41.97695374
-87.83006827	41.97695112
-87.83010498	41.97695051
-87.83022879	41.97694836
-87.83028867	41.97694736
-87.83036208	41.97694609
-87.83044926	41.97694461
-87.83050906	41.97694355
-87.83054114	41.97694298
-87.83061926	41.97694162
-87.83066973	41.97694074
-87.83072953	41.97693974
-87.83085341	41.97693765
-87.83087636	41.97693726
-87.83089012	41.97693704
-87.83094985	41.97693599
-87.83111059	41.97693323
-87.83113354	41.97693284
-87.83116569	41.97693227
-87.83117032	41.97693218
-87.83133098	41.97692942
-87.83139072	41.97692837
-87.83161052	41.97692461
-87.83185328	41.97692056
-87.8320739	41.97691681
-87.83207706	41.97691677
-87.83226825	41.97691354
-87.83228296	41.97691327
-87.83229466	41.97691305
-87.83245937	41.97691031
-87.83251535	41.97690935
-87.83259539	41.976908
-87.83267998	41.97690655
-87.83273604	41.97690559
-87.83284528	41.97690376
-87.83290781	41.97690272
-87.8329568	41.97690189
-87.83301072	41.97690097
-87.83317742	41.97689813
-87.83320176	41.97689769
-87.83322015	41.97689738
-87.83336728	41.97689489
-87.83339818	41.97689437
-87.83353258	41.9768921
-87.83361887	41.97689061
-87.83361686	41.97660153
-87.83361769	41.97649484
-87.83361911	41.97631362
-87.83362054	41.97613058
-87.83362227	41.97591846
-87.83340181	41.97592228
-87.83318134	41.97592609
-87.83296088	41.97592991
-87.83274049	41.97593372
-87.83252002	41.97593753
-87.83229956	41.97594135
-87.83207924	41.97594516
-87.83185877	41.97594897
-87.83161602	41.97595318
-87.8313954	41.97595699
-87.83138437	41.97595716
-87.83117494	41.9759608
-87.8311639	41.97596097
-87.83095447	41.97596461
-87.83094344	41.97596484
-87.83073408	41.97596842
-87.83072305	41.97596865
-87.83051362	41.97597223
-87.83050258	41.97597246
-87.83029315	41.97597604
-87.83028211	41.97597627
-87.83007268	41.9759799
-87.83006165	41.97598008
-87.82985229	41.97598371
-87.82984126	41.97598388
-87.82963183	41.97598752
-87.82962079	41.97598769
-87.82941136	41.97599133
-87.82940033	41.9759915
-87.82919089	41.97599514
-87.82917986	41.97599531
-87.8289705	41.97599894
-87.82895947	41.97599911
-87.82875004	41.97600275
-87.82873908	41.97600292
-87.82852957	41.97600655
-87.82851854	41.97600678
-87.8283091	41.97601036
-87.82829807	41.97601059
-87.82808871	41.97601416
-87.82807768	41.97601439
-87.82786825	41.97601797
-87.82785721	41.9760182
-87.82764778	41.97602183
-87.82763675	41.976022
-87.82742731	41.97602563
-87.82741628	41.9760258
-87.82720692	41.97602944
-87.82719589	41.97602961
-87.82696292	41.97603363
-87.8265951	41.97604002
-87.8263703	41.97604375
-87.82634816	41.97604414
-87.82614557	41.97604753
-87.82610128	41.97604827
-87.82592076	41.97605131
-87.82585441	41.97605244
-87.82569596	41.97605509
-87.82560754	41.97605657
-87.82547115	41.97605887
-87.82536066	41.97606074
-87.82524642	41.97606265
-87.82511371	41.97606486
-87.82501235	41.97606656
-87.82486684	41.97606904
-87.82454839	41.97607432
-87.82442649	41.97607479
-87.82440324	41.97625359
-87.82436103	41.97656619
-87.82434508	41.97668593
-87.82432823	41.97681783
-87.82431009	41.97695987
-87.82429776	41.97705784
-87.82428253	41.97717923
-87.82426892	41.97729011
-87.82424895	41.97744614
-87.82422786	41.97761092
-87.82422101	41.97766215
-87.82421188	41.97773017
-87.82419099	41.97788587
-87.82417871	41.97798153
-87.82417092	41.97804239
-87.82416934	41.97805476
-87.82415311	41.97817845
-87.82413708	41.97830058
-87.82412317	41.97841199
-87.8241108	41.97850543
-87.82409327	41.97863767
-87.82407809	41.97875218
-87.82405856	41.97890467
-87.82404182	41.97903549
-87.82402559	41.9791568
-87.82400955	41.97927698
-87.82398788	41.9794392
-87.82397455	41.97955064
-87.82396172	41.97965791
-87.82393855	41.97983338
-87.82392442	41.97994031
-87.82390865	41.9800594
-87.82389045	41.98019735
-87.82387459	41.98031756
-87.82385639	41.98045543
-87.82383905	41.98058677
-87.82381013	41.98080964
-87.82379285	41.98094318
-87.82376234	41.98117616
-87.82373929	41.98136555
-87.82372066	41.98151873
-87.82370122	41.98166362
-87.8236806	41.98181492
-87.82365261	41.98202226
-87.82363708	41.98213888
-87.82362005	41.98227395
-87.82360147	41.98242132
-87.8235839	41.98255834
-87.82356732	41.98269078
-87.82353869	41.98292353
-87.82352826	41.98302551
-87.82352011	41.98309328
-87.82443393	41.98307838
-87.82506819	41.98307055
-87.82529929	41.98306789
-87.82529764	41.98299914
-87.82528935	41.98267243
-87.82528678	41.9825711
-87.8252842	41.98246972
-87.82528162	41.98236828
-87.82527904	41.9822669
-87.82527646	41.98216552
-87.82527389	41.98206413
-87.82527131	41.98196275
-87.82528808	41.9819625
-87.82558287	41.98195809
-87.82587442	41.98195373
-87.82601346	41.98195165
-87.82616251	41.98194968
-87.8264478	41.98194594
-87.82673301	41.98194221
-87.82675177	41.98194196
-87.82697793	41.98193813
-87.82736674	41.98193156
-87.82767749	41.98192634
-87.82813597	41.98191859
-87.82813601	41.98206244
-87.82813626	41.98219875
-87.82814479	41.98238446
-87.82814494	41.98245869
-87.82814605	41.98257027
-87.8281476	41.98273213
-87.82814846	41.98281844
-87.82814941	41.98291762
-87.82815059	41.98300127
-87.82815063	41.9830044
-87.82815283	41.98314099
-87.82815471	41.9833023
-87.82815443	41.98338921
-87.82815431	41.98357156
-87.8281566	41.98368688
-87.8281602	41.98373456
-87.82817787	41.98384222
-87.8282756	41.98380148
-87.82828007	41.98379865
-87.82831314	41.9837888
-87.82834589	41.98378338
-87.82837898	41.98377927
-87.82847027	41.98377476
-87.82852001	41.98377341
-87.82856916	41.98377237
-87.8286353	41.98377129
-87.82875183	41.98376977
-87.82885137	41.98376831
-87.82910497	41.98376384
-87.82923291	41.98376159
-87.82938344	41.98375907
-87.82953234	41.98375676
-87.82974827	41.9837537
-87.82984788	41.98375254
-87.83010162	41.98374858
-87.83029666	41.98374554
-87.830628	41.9837418
-87.8308106	41.98373914
-87.83092809	41.98373801
-87.83102175	41.98373625
-87.83109679	41.98373542
-87.83122612	41.98373399
-87.83135883	41.98373221
-87.83179142	41.98372647
-87.8319905	41.9837238
-87.83208802	41.98372193
-87.83222203	41.98371935
-87.83235522	41.98371741
-87.83250432	41.98371493
-87.83260433	41.98371328
-87.8326541	41.98371246
-87.83272094	41.98371132
-87.83278793	41.98371041
-87.83287132	41.98370929
-87.8329045	41.98370886
-87.83295349	41.98370822
-87.83300339	41.98370616
-87.83301428	41.98370458
-87.83305742	41.98369555
-87.83320131	41.98369517
-87.83320822	41.98367706
-87.8332099	41.98365989