-87.83658088	41.98639611
-87.83658091	41.98613342
-87.83658103	41.9849669
-87.83658108	41.98450689
-87.8365811	41.98436041
-87.83658111	41.98425341
-87.83658111	41.98421985
-87.83658121	41.98336529
-87.8365813	41.98251427
-87.83658143	41.98127489
-87.83658145	41.98113678
-87.83658157	41.9800304
-87.83658162	41.97954448
-87.83658362	41.97931232
-87.83659471	41.97802585
-87.83660324	41.97768201
-87.8366057	41.97758362
-87.83660796	41.97747095
-87.83661085	41.97732736
-87.83661102	41.97727054
-87.83661117	41.97721745
-87.83661182	41.97699443
-87.83661212	41.97696628
-87.83661448	41.97674747
-87.83661616	41.97658727
-87.83661723	41.97646076
-87.83661888	41.97626588
-87.83662091	41.97608079
-87.83662091	41.97608062
-87.83662296	41.97588313
-87.83662328	41.97583393
-87.83662378	41.97575888
-87.83662418	41.97569936
-87.83662451	41.97565052
-87.83662494	41.97558668
-87.83662671	41.97532629
-87.83662677	41.97532629
-87.83662674	41.97530981
-87.83662679	41.97530981
-87.83662686	41.9753098
-87.83662688	41.97530305
-87.83662699	41.97522245
-87.83662701	41.97521021
-87.83662718	41.97509329
-87.83662718	41.97509301
-87.8366273	41.97507798
-87.83662828	41.97495185
-87.83662838	41.97493961
-87.83662838	41.97493955
-87.83663073	41.97477191
-87.83663075	41.97477088
-87.83669292	41.97477108
-87.83669297	41.97477108
-87.83681312	41.97477145
-87.83699378	41.97476834
-87.83717114	41.97476532
-87.8373433	41.97476238
-87.83734472	41.97476236
-87.83734849	41.9747623
-87.83752585	41.97475927
-87.8377032	41.9747562
-87.83788063	41.97475318
-87.83805798	41.97475016
-87.83823534	41.97474708
-87.83841269	41.97474406
-87.83859004	41.97474103
-87.8387674	41.97473796
-87.83894475	41.97473493
-87.83912218	41.97473191
-87.83929954	41.97472883
-87.83947689	41.97472581
-87.83960436	41.97472365
-87.83960713	41.9747236
-87.83962144	41.97472336
-87.83965424	41.97472278
-87.8398316	41.9747197
-87.84000895	41.97471668
-87.84018631	41.97471365
-87.84024596	41.97471259
-87.84036366	41.97471057
-87.84054109	41.97470755
-87.84071844	41.97470452
-87.84085637	41.97470215
-87.8408958	41.97470144
-87.84107315	41.97469842
-87.84125058	41.97469539
-87.84143161	41.97469227
-87.84155494	41.97469032
-87.841555	41.97468199
-87.841555	41.97468198
-87.84155562	41.97460095
-87.84155597	41.97455575
-87.84155664	41.97441823
-87.8415568	41.9743854
-87.84155776	41.97408917
-87.84155823	41.97394084
-87.84155037	41.97378789
-87.84135187	41.97379575
-87.84115537	41.97379642
-87.84102662	41.9737972
-87.84066007	41.97379942
-87.84036263	41.97380416
-87.83993305	41.97381098
-87.83959909	41.97381627
-87.83938795	41.97381956
-87.83899022	41.97382564
-87.83865907	41.97382883
-87.8384183	41.97383388
-87.83814697	41.97383957
-87.83794435	41.97384355
-87.83794434	41.97384355
-87.8379339	41.9738437
-87.83793287	41.97373514
-87.83793394	41.9735965
-87.83793502	41.97345782
-87.83793609	41.97331918
-87.83793717	41.9731805
-87.83793762	41.97312199
-87.83793824	41.97304186
-87.83793932	41.97290317
-87.83794039	41.97276454
-87.83794042	41.97276114
-87.83794146	41.97262585
-87.83794254	41.97248722
-87.83794321	41.97240029
-87.83794361	41.97234859
-87.83794461	41.9722099
-87.83794569	41.97207127
-87.83794676	41.97193258
-87.83794784	41.97179395
-87.83794802	41.9717698
-87.83794891	41.97165526
-87.83794915	41.97162387
-87.83794999	41.97151663
-87.83795106	41.97137799
-87.83795117	41.9713633
-87.83795117	41.9713633
-87.8379513	41.97134671
-87.83683831	41.97136715
-87.8366496	41.97136623
-87.83664891	41.97136623
-87.83664891	41.97136622
-87.83665029	41.97023249
-87.83670156	41.9702314
-87.83670314	41.97023136
-87.83674075	41.97023056
-87.83692751	41.97022657
-87.83707709	41.97022428
-87.83725292	41.97022175
-87.83730297	41.97022084
-87.83741113	41.97021887
-87.83756019	41.97021644
-87.83772893	41.97021343
-87.83789454	41.9702101
-87.8380681	41.97020661
-87.83813684	41.97020523
-87.83826957	41.97020281
-87.83844187	41.97019982
-87.83863124	41.97019652
-87.83873738	41.97019528
-87.83887876	41.97019224
-87.83896711	41.97018963
-87.83912657	41.97018715
-87.83927397	41.97018486
-87.83936194	41.97018474
-87.83957539	41.97018176
-87.83971471	41.97017808
-87.83974314	41.97017757
-87.83991765	41.9701744
-87.84018157	41.97016972
-87.84035986	41.97016772
-87.84053248	41.97016579
-87.84068266	41.97016171
-87.84082473	41.97015908
-87.84104916	41.97015332
-87.84122953	41.97014869
-87.84134394	41.97014696
-87.84158247	41.97014362
-87.84158248	41.97014362
-87.84158907	41.97014336
-87.84159073	41.97023311
-87.84158957	41.97036483
-87.84158841	41.97048585
-87.84158825	41.97050774
-87.84158741	41.97060703
-87.84158626	41.97072738
-87.84158626	41.97072815
-87.84158518	41.97084917
-87.84158435	41.97094702
-87.8415841	41.97097029
-87.84158302	41.97109142
-87.84158237	41.97116671
-87.84158194	41.97121249
-87.84158086	41.97133361
-87.84157989	41.97144129
-87.8415796	41.97146977
-87.8415784	41.97160599
-87.84157727	41.97173447
-87.84157613	41.97186295
-87.84157515	41.971972
-87.84157515	41.97197201
-87.84157512	41.97197524
-87.84173915	41.97197232
-87.84177914	41.97197159
-87.84177969	41.97197158
-87.84177971	41.97197158
-87.8419037	41.97196934
-87.84203463	41.971967
-87.8420681	41.97196643
-87.84223258	41.97196351
-87.84239705	41.97196053
-87.84256153	41.97195761
-87.84267547	41.97195558
-87.84272593	41.97195469
-87.84289048	41.97195172
-87.84305488	41.9719488
-87.84321935	41.97194583
-87.84331637	41.9719441
-87.84338375	41.9719429
-87.8435483	41.97193998
-87.8437127	41.97193701
-87.84387718	41.97193409
-87.84395824	41.97193262
-87.84404165	41.97193117
-87.84420613	41.97192819
-87.84433757	41.97192584
-87.84437053	41.97192527
-87.84453508	41.97192229
-87.84455869	41.9719219
-87.84469948	41.97191937
-87.8447798	41.97191795
-87.84486395	41.97191645
-87.84500092	41.97191395
-87.84502843	41.97191347
-87.8451929	41.97191055
-87.84522203	41.97191001
-87.84530617	41.97190853
-87.84539526	41.97190696
-87.84544314	41.97190612
-87.84566433	41.97190212
-87.84587478	41.9718984
-87.84588537	41.97189817
-87.84631473	41.9718905
-87.84637725	41.9718894
-87.84651079	41.971887
-87.84653345	41.97188987
-87.84653353	41.97188988
-87.84653354	41.97188988
-87.8465378	41.97163983
-87.84653878	41.97158188
-87.84653878	41.97158188
-87.84653878	41.97158187
-87.84653992	41.97119467
-87.84654077	41.97090367
-87.84654591	41.97022786
-87.84656061	41.96954971
-87.84655588	41.96912685
-87.84655304	41.96887385
-87.8465498	41.96871605
-87.84654446	41.96845693
-87.84653913	41.96819795
-87.84654208	41.96796517
-87.84654581	41.96767114
-87.84654707	41.96757195
-87.84654972	41.96736293
-87.84655501	41.96694594
-87.84656051	41.96675291
-87.84656172	41.96671047
-87.84657035	41.96640704
-87.84649039	41.96640939
-87.84609105	41.96642116
-87.84598027	41.96642344
-87.84582332	41.96642667
-87.84568196	41.96642958
-87.84557386	41.96643181
-87.84526075	41.96643805
-87.84492009	41.96644484
-87.8445848	41.96645211
-87.84447707	41.96645417
-87.84428313	41.96645787
-87.84404795	41.9664617
-87.84381387	41.96646551
-87.84365508	41.9664681
-87.84351203	41.96647071
-87.84343134	41.96647219
-87.84336389	41.9664736
-87.84334531	41.96647398
-87.84330773	41.96647474
-87.84314301	41.96647826
-87.84303716	41.9664805
-87.84289293	41.96648273
-87.84280028	41.96648416
-87.8427122	41.96648552
-87.84254475	41.96648811
-87.84245174	41.96648971
-87.84220458	41.96649395
-87.84196995	41.96649783
-87.84172856	41.96650334
-87.84171979	41.96650354
-87.84162252	41.96650577
-87.84143146	41.96651013
-87.84137411	41.96651115
-87.84131503	41.96651221
-87.84124309	41.96651351
-87.84118525	41.96651456
-87.84098581	41.96651892
-87.84085221	41.96652207
-87.84069085	41.96652587
-87.84064964	41.96652685
-87.84051814	41.96652995
-87.84039686	41.96653171
-87.84012973	41.96653561
-87.8401056	41.96653596
-87.84007118	41.96653645
-87.8399599	41.96653807
-87.83979368	41.96654047
-87.83954258	41.96654411
-87.83947477	41.96654476
-87.83939587	41.96654617
-87.83915799	41.96655044
-87.83893596	41.96655443
-87.83887687	41.96655549
-87.83869068	41.96655817
-87.83863962	41.96655887
-87.83851406	41.9665606
-87.83841802	41.96656237
-87.83836488	41.96656335
-87.838256	41.96656536
-87.83813055	41.96656809
-87.8379345	41.96657236
-87.83771279	41.96657719
-87.83759788	41.9665797
-87.83752381	41.96658155
-87.83741086	41.96658438
-87.83717502	41.96658835
-87.83678008	41.96659521
-87.83668207	41.96659715
-87.836687	41.9651678
-87.83668731	41.96507728
-87.83668795	41.96489204
-87.83668798	41.96488297
-87.83669376	41.96320425
-87.83669329	41.96320298
-87.8366941	41.96312697
-87.83669341	41.96304903
-87.83669257	41.96295518
-87.83669315	41.96279925
-87.83669315	41.96279925
-87.83669315	41.96279925
-87.8366936	41.96266122
-87.83669387	41.96254179
-87.83669396	41.96234945
-87.83669396	41.96234945
-87.83669383	41.96225807
-87.8366934	41.96215716
-87.83669318	41.96202827
-87.83669384	41.96188266
-87.83669477	41.96180964
-87.83669467	41.96159862
-87.83669462	41.96150679
-87.8366953	41.96136399
-87.83669533	41.96135571
-87.83669553	41.96131445
-87.83669558	41.96122277
-87.8366957	41.96118003
-87.83669582	41.96114006
-87.83669649	41.9611268
-87.8366968	41.96112078
-87.83669985	41.96106077
-87.83669894	41.96100494
-87.83669736	41.96090818
-87.83669816	41.96075428
-87.83669887	41.96061842
-87.83670009	41.96048997
-87.83670113	41.96038893
-87.83670128	41.96037033
-87.83670199	41.96026023
-87.83670172	41.96018628
-87.83670159	41.96017572
-87.83670051	41.96008531
-87.83670057	41.96002159
-87.83670078	41.95998487
-87.83669986	41.95988462
-87.83669875	41.95976354
-87.83669875	41.95976194
-87.83669886	41.95936021
-87.83669886	41.95936021
-87.83667243	41.95782826
-87.8366749	41.95751088
-87.83668659	41.95600493
-87.83668763	41.95566811
-87.8366926	41.9540518
-87.83669029	41.95387791
-87.83666601	41.9520524
-87.83666372	41.95188
-87.83662996	41.95033645
-87.8366253	41.95022002
-87.83657632	41.9489977
-87.83655614	41.94839842
-87.83652054	41.94734081
-87.83651218	41.94717371
-87.83650127	41.94694952
-87.83649929	41.94671746
-87.83649548	41.94657894
-87.83649169	41.94644108
-87.83648502	41.94622102
-87.83645174	41.94526265
-87.83644074	41.94494581
-87.83643295	41.94476073
-87.83616437	41.9447684
-87.83578113	41.94477797
-87.83543731	41.94478581
-87.83517827	41.94479294
-87.83515654	41.94475418
-87.83514025	41.94472203
-87.83512729	41.94469113
-87.83512086	41.94466767
-87.83511637	41.94464048
-87.83511051	41.94459504
-87.83509392	41.94444486
-87.83508174	41.94431646
-87.8350805	41.94430347
-87.83507462	41.9441672
-87.83506989	41.94404794
-87.83506637	41.94396068
-87.83505991	41.94379899
-87.83505947	41.94378747
-87.83505857	41.94376441
-87.83505151	41.94358041
-87.83504726	41.9434696
-87.83504241	41.94334694
-87.8350379	41.94323658
-87.83503389	41.94313802
-87.83502754	41.94299002
-87.83502308	41.94288454
-87.83501826	41.94277066
-87.83501206	41.94260947
-87.83500489	41.94242543
-87.83500004	41.94230236
-87.83499197	41.94212994
-87.83498703	41.94201888
-87.83497992	41.94182291
-87.83497446	41.94168798
-87.83496714	41.94150439
-87.83496224	41.94140692
-87.83495729	41.94129667
-87.83495284	41.94119854
-87.8349466	41.94107486
-87.8349398	41.94095189
-87.83492571	41.94073126
-87.83490636	41.94043588
-87.83490238	41.94033795
-87.83489985	41.94027894
-87.83489501	41.94016619
-87.83488862	41.94000568
-87.83488371	41.93987083
-87.83487878	41.93974861
-87.83487364	41.93962598
-87.83486904	41.93952755
-87.83486467	41.93944125
-87.8348597	41.9393432
-87.83485607	41.93924824
-87.8348517	41.939134
-87.83484444	41.93896202
-87.83483773	41.93878954
-87.83483142	41.93861861
-87.83482542	41.93845925
-87.83482109	41.93833637
-87.83481312	41.93816491
-87.83480821	41.93805448
-87.83480391	41.93795589
-87.83479964	41.93785684
-87.83479499	41.93774647
-87.83479486	41.93768826
-87.83481017	41.93757642
-87.83481021	41.93757642
-87.83481022	41.93757642
-87.83481031	41.93757642
-87.83542307	41.93757151
-87.83542316	41.93757151
-87.83582269	41.9375638
-87.83606005	41.93755909
-87.83640912	41.93755218
-87.83665582	41.93754682
-87.83688619	41.93754252
-87.83720122	41.93753631
-87.83746235	41.93753269
-87.83779043	41.93752596
-87.83813541	41.93751979
-87.83853014	41.93751117
-87.83891144	41.93750069
-87.83933472	41.93749266
-87.83936724	41.93749201
-87.83947364	41.93748988
-87.83967949	41.93748577
-87.84005841	41.93747796
-87.84037028	41.9374717
-87.84052502	41.9374687
-87.84071508	41.93746503
-87.84095748	41.93746045
-87.8410762	41.9374582
-87.84118333	41.93745607
-87.84143718	41.93745102
-87.84170342	41.9374457
-87.84181577	41.93744345
-87.84217796	41.93743611
-87.84260555	41.93742729
-87.84298176	41.93741743
-87.84339073	41.93741122
-87.8434296	41.93741055
-87.84358644	41.93740788
-87.84365986	41.93740678
-87.84367348	41.93740658
-87.84384798	41.9374034
-87.84411025	41.93739889
-87.84444643	41.93739516
-87.84490527	41.93738438
-87.8451601	41.93737841
-87.84533595	41.93737488
-87.84558037	41.93736988
-87.84575501	41.93736629
-87.84598219	41.9373616
-87.846174	41.93735747
-87.84618969	41.93735714
-87.84624257	41.93735601
-87.84641016	41.93735245
-87.84646224	41.93735134
-87.8466192	41.9373483
-87.84694896	41.937343
-87.84854945	41.93731204
-87.84962055	41.93728535
-87.84968381	41.93734377
-87.84970162	41.93736022
-87.84977768	41.93743047
-87.84997999	41.93758865
-87.84998296	41.93759097
-87.85018742	41.93775083
-87.85066018	41.93807867
-87.85069564	41.93810697
-87.85069649	41.93810765
-87.85070265	41.93811257
-87.85099761	41.938348
-87.85134329	41.93864549
-87.85134464	41.93864665
-87.85134605	41.93864786
-87.85137406	41.93867197
-87.85141194	41.93870457
-87.85164285	41.93895175
-87.85180609	41.93916967
-87.85208368	41.93973303
-87.85209589	41.93975782
-87.85211179	41.93979008
-87.85217758	41.94005409
-87.85218506	41.9400841
-87.85223546	41.94028637
-87.85226713	41.94041348
-87.85228937	41.9404843
-87.8523076	41.94054238
-87.85253234	41.94125822
-87.85274177	41.94182149
-87.85295496	41.94226769
-87.85303705	41.94248165
-87.85305403	41.94253406
-87.85307559	41.94260061
-87.8530924	41.94271259
-87.85309613	41.94279817
-87.85309551	41.94288043
-87.85308192	41.94293304
-87.853055	41.94299876
-87.8530243	41.94310736
-87.85302521	41.94314696
-87.85301019	41.94321973
-87.85301135	41.94327943
-87.85301182	41.94330363
-87.85301273	41.94335072
-87.8530323	41.94340115
-87.85304728	41.94343973
-87.85314754	41.94357837
-87.8531896	41.94364413
-87.85321719	41.94368728
-87.85324216	41.94373083
-87.85324242	41.94373128
-87.85326069	41.94376315
-87.85329117	41.94386514
-87.85339713	41.94428136
-87.85341607	41.94435573
-87.85341756	41.94436188
-87.85355851	41.94494383
-87.85358279	41.94504407
-87.85377309	41.94567882
-87.85382224	41.94584273
-87.85396879	41.94624595
-87.85408174	41.94655668
-87.85464329	41.94743861
-87.85487052	41.94779542
-87.85497589	41.94803398
-87.85499296	41.94813273
-87.85500439	41.94819889
-87.855006	41.94823274
-87.85500726	41.94825923
-87.85501697	41.94846359
-87.85502174	41.94862695
-87.85501321	41.94894212
-87.85493571	41.94948416
-87.85480437	41.9497791
-87.85475116	41.94989859
-87.85468411	41.95004297
-87.85466437	41.9500855
-87.8545328	41.95030064
-87.85443482	41.95050408
-87.85432707	41.95073002
-87.85428654	41.95082574
-87.85424601	41.95092145
-87.85420269	41.95107555
-87.85411219	41.95131488
-87.85408226	41.95141583
-87.85407256	41.95144855
-87.85262469	41.95148559
-87.85174052	41.95150819
-87.85139335	41.95151707
-87.85047063	41.95154065
-87.85020091	41.95154754
-87.849396	41.95156811
-87.84922136	41.95157257
-87.84820178	41.95159861
-87.84721179	41.95162388
-87.84687152	41.95163256
-87.84661267	41.95163917
-87.84661243	41.95163918
-87.84661266	41.95164314
-87.84661277	41.95164505
-87.84661301	41.95164941
-87.84662079	41.95178718
-87.84662045	41.95186936
-87.84661969	41.95205187
-87.84661969	41.95205188
-87.84661768	41.95253447
-87.84661729	41.95262861
-87.84661532	41.95311005
-87.84661349	41.95355496
-87.84661158	41.95401973
-87.84660963	41.95449435
-87.846608	41.9548898
-87.84660617	41.95533476
-87.84660473	41.95568681
-87.84758747	41.95566611
-87.84769403	41.95566387
-87.84792409	41.95565902
-87.84803744	41.95565663
-87.84826274	41.95565188
-87.84834866	41.95565007
-87.84907105	41.95563485
-87.84950573	41.95562568
-87.84989337	41.95561751
-87.85079419	41.95559851
-87.85152208	41.95558315
-87.85196839	41.95557373
-87.85235718	41.95556552
-87.85259062	41.9555606
-87.85285758	41.95555496
-87.85315991	41.95554858
-87.85353547	41.95554064
-87.85384553	41.9555341
-87.85417026	41.95552724
-87.85470143	41.95551601
-87.85536538	41.95550198
-87.85580992	41.95549259
-87.85596137	41.95548938
-87.85667736	41.95547424
-87.85747231	41.95545743
-87.85788257	41.95544875
-87.85807536	41.95544467
-87.85807878	41.9554446
-87.85823968	41.95557023
-87.85825043	41.95557862
-87.85825772	41.95558835
-87.85830859	41.9556562
-87.85834588	41.95570594
-87.85842001	41.95581843
-87.85844619	41.95585816
-87.85848011	41.95592273
-87.85851291	41.95598514
-87.85852337	41.95600505
-87.85858712	41.95614319
-87.85858766	41.95614496
-87.85861026	41.95622001
-87.85862745	41.95633274
-87.85863554	41.95638581
-87.85864367	41.95641011
-87.85867744	41.95651112
-87.85870844	41.95659506
-87.85874476	41.95675854
-87.85876149	41.95685464
-87.85877505	41.95693254
-87.85877959	41.9569923
-87.85878657	41.95708434
-87.85878197	41.9572436
-87.85875827	41.95741603
-87.85871815	41.95754125
-87.85871512	41.95754675
-87.85868114	41.95760866
-87.85842254	41.95792825
-87.8584025	41.95795673
-87.8581316	41.95834164
-87.85792614	41.95865942
-87.85777561	41.95889991
-87.85777557	41.95889998
-87.85777537	41.9589003
-87.85774025	41.9589564
-87.85757726	41.95918997
-87.85741634	41.95955901
-87.8573241	41.9597154
-87.85732409	41.95971541
-87.85729526	41.95976429
-87.85724803	41.95984437
-87.85716963	41.95997093
-87.85703033	41.96019582
-87.85689528	41.96045507
-87.85684364	41.96055421
-87.85669352	41.96081788
-87.85664604	41.96090127
-87.85647452	41.96122729
-87.8564392	41.9613003
-87.8562987	41.9615908
-87.85582008	41.96241465
-87.85581022	41.96244413
-87.8556862	41.96281494
-87.85567732	41.96284153
-87.8556769	41.96284279
-87.85567659	41.96284373
-87.85567657	41.96284377
-87.85562412	41.96328897
-87.85559468	41.96365723
-87.85550646	41.96445603
-87.8554498	41.9646816
-87.85544283	41.96470936
-87.85536128	41.96494543
-87.85530144	41.96511865
-87.85496773	41.96594864
-87.85495309	41.96600837
-87.85492187	41.96613579
-87.85492187	41.9661358
-87.85486729	41.96635851
-87.85477188	41.96691294
-87.85477734	41.96719951
-87.85485696	41.96751842
-87.8549796	41.96793029
-87.85503692	41.9683294
-87.85502853	41.96870771
-87.85489427	41.96911151
-87.85477705	41.9694296
-87.85464398	41.9696741
-87.85432295	41.97029803
-87.85423605	41.9705601
-87.85417262	41.97078477
-87.85413625	41.97100092
-87.854135	41.97116818
-87.85415514	41.97131093
-87.85418821	41.97143242
-87.85427079	41.97162093
-87.85446683	41.97189532
-87.85459763	41.97203901
-87.85497933	41.97234081
-87.85515842	41.97245805
-87.85536193	41.97251716
-87.85559565	41.97255397
-87.85584135	41.97258636
-87.85606341	41.97257831
-87.85621357	41.97255207
-87.85659223	41.97245954
-87.85667056	41.97243418
-87.85696538	41.97233876
-87.85696539	41.97233876
-87.85704325	41.97231356
-87.85726765	41.97222615
-87.85746443	41.9721495
-87.85772324	41.97202602
-87.85783322	41.97197356
-87.85824331	41.97170752
-87.85838698	41.97161433
-87.85853733	41.97153177
-87.85867605	41.9714664
-87.85879534	41.97143248
-87.8589221	41.97142154
-87.85902956	41.97143057
-87.85920597	41.97145997
-87.85940535	41.97149521
-87.85960456	41.97155339
-87.85974633	41.971597
-87.85990958	41.97166526
-87.86010605	41.97175619
-87.86017643	41.97179423
-87.86042602	41.97192911
-87.86061613	41.97206099
-87.86085178	41.97222446
-87.86099596	41.97233271
-87.86111136	41.97241936
-87.86133778	41.97260857
-87.86144847	41.97271764
-87.86170114	41.97298783
-87.86174021	41.97304059
-87.86180342	41.97312595
-87.86189024	41.97328062
-87.86190049	41.97331498
-87.86190219	41.97332068
-87.86227799	41.97331083
-87.86227801	41.97331083
-87.86279179	41.97329737
-87.86316354	41.97328762
-87.86406751	41.97326572
-87.86427415	41.97326072
-87.86454063	41.97325319
-87.8648513	41.97324441
-87.86542945	41.97323157
-87.86605979	41.97321756
-87.86645891	41.97320738
-87.86681082	41.97319957
-87.86701139	41.97319511
-87.86712673	41.97319207
-87.867344	41.97318653
-87.86770001	41.97317746
-87.86796365	41.97317079
-87.86802533	41.97316924
-87.86808382	41.97316777
-87.8684817	41.97315536
-87.86858852	41.97316199
-87.86858853	41.97316199
-87.8686349	41.97316487
-87.86867475	41.97316733
-87.86875887	41.97316993
-87.86882639	41.97316987
-87.86943147	41.97314367
-87.86988726	41.97312394
-87.87060681	41.9731064
-87.87089392	41.97309918
-87.87100786	41.97309632
-87.87100787	41.97309632
-87.87138888	41.97308674
-87.87170708	41.97307831
-87.87208438	41.97306863
-87.87243724	41.97306184
-87.87255113	41.97305901
-87.87257746	41.97305835
-87.87257765	41.97305835
-87.87268618	41.97305565
-87.87285346	41.97305149
-87.87293101	41.97304957
-87.87305384	41.97304653
-87.87589583	41.97297589
-87.87732285	41.9729404
-87.87769086	41.97293124
-87.87769686	41.97293109
-87.87807002	41.9729218
-87.87819004	41.97291882
-87.88077275	41.97285455
-87.88077551	41.97239723
-87.8807785	41.97190234
-87.88078178	41.97135767
-87.88078178	41.97135762
-87.88078383	41.97101833
-87.88078539	41.97076094
-87.88078539	41.97076049
-87.88079135	41.96977269
-87.88079492	41.96918129
-87.88079632	41.96905293
-87.88080156	41.96857379
-87.88080433	41.96831953
-87.88081313	41.96751327
-87.88081419	41.9674167
-87.88082277	41.9666302
-87.88082278	41.96663018
-87.88082471	41.96645281
-87.88082471	41.96645264
-87.88082927	41.96603531
-87.88083408	41.96559425
-87.88083507	41.96550387
-87.88083503	41.96549671
-87.88083453	41.96541304
-87.88082867	41.96438926
-87.88082781	41.96424036
-87.88082094	41.96304138
-87.88081767	41.96247098
-87.88081724	41.96239512
-87.88081465	41.96194374
-87.88081381	41.96179652
-87.8808138	41.96179593
-87.88080959	41.96106055
-87.88080924	41.96099634
-87.8808091	41.96097329
-87.88080768	41.96072801
-87.88080665	41.96055099
-87.88080665	41.96055051
-87.88080599	41.96043648
-87.88080368	41.96003851
-87.88080337	41.95998546
-87.88080321	41.95995615
-87.8808028	41.95988515
-87.8808028	41.95988515
-87.88080183	41.959714
-87.8808008	41.95953152
-87.88080077	41.95952729
-87.88080015	41.95941851
-87.88079958	41.95931709
-87.88079957	41.95931611
-87.88079817	41.95906859
-87.88079793	41.9590294
-87.88079758	41.95896829
-87.88079633	41.95875219
-87.88079513	41.9585427
-87.88079468	41.95846501
-87.88079468	41.95846501
-87.88079468	41.958465
-87.88079338	41.95823883
-87.88079309	41.95817879
-87.88079259	41.95807263
-87.88079069	41.95767298
-87.8807904	41.9576124
-87.88078995	41.95751839
-87.88078844	41.95720045
-87.88119442	41.95715766
-87.88127929	41.95714871
-87.88163261	41.95711146
-87.88220889	41.95717722
-87.88233739	41.95719188
-87.88251205	41.95721181
-87.88309012	41.95727777
-87.88321181	41.95729166
-87.88382846	41.95736201
-87.88384647	41.95730028
-87.88403814	41.95732605
-87.88403815	41.95732605
-87.88403945	41.95732623
-87.88411042	41.95733577
-87.88435048	41.95736802
-87.88435171	41.95736819
-87.88442732	41.95737835
-87.88457682	41.95739842
-87.88467607	41.95741175
-87.8846761	41.95741175
-87.88484326	41.9574342
-87.88494317	41.95744765
-87.88505547	41.95746275
-87.88505577	41.95746279
-87.88521709	41.95748447
-87.88530998	41.95749696
-87.88550795	41.95752357
-87.88562938	41.95753985
-87.88562917	41.95748617
-87.88579016	41.95750734
-87.88599626	41.95753444
-87.88626345	41.95756958
-87.88635702	41.95758188
-87.88656843	41.95760968
-87.8868073	41.95764109
-87.88711328	41.95768134
-87.88735864	41.95771361
-87.88768156	41.95775609
-87.8878079	41.9577727
-87.88790556	41.95778555
-87.88802577	41.95780136
-87.88830857	41.95783855
-87.88859918	41.95787677
-87.88869488	41.95788935
-87.88881317	41.95790491
-87.88896201	41.95792449
-87.88901043	41.95793085
-87.88911344	41.9579444
-87.88928341	41.95796675
-87.88934416	41.95797474
-87.88949323	41.95799434
-87.88960398	41.95800891
-87.88961569	41.95801044
-87.88970746	41.95802251
-87.88970749	41.95802251
-87.88985339	41.9580417
-87.88996518	41.9580564
-87.89026621	41.95809598
-87.89047705	41.95809235
-87.89091519	41.95808479
-87.89169248	41.95807139
-87.89228808	41.95806111
-87.89240365	41.95805912
-87.89263081	41.95805519
-87.89289911	41.95805056
-87.89289885	41.95796
-87.8928895	41.95484296
-87.89288823	41.95441833
-87.89288061	41.95189394
-87.89287766	41.95091135
-87.89287735	41.950808
-87.89287735	41.95080799
-87.89287731	41.95079377
-87.89494359	41.95076053
-87.89494362	41.95076052
-87.89521435	41.95075617
-87.89531877	41.95075448
-87.89699918	41.9507274
-87.89730345	41.95072252
-87.89999307	41.95067912
-87.90008829	41.95067758
-87.90097853	41.9506632
-87.90153826	41.95065416
-87.90162348	41.95065279
-87.90184855	41.95064913
-87.90348814	41.95062265
-87.90349201	41.95062259
-87.90362857	41.95062038
-87.90362857	41.95062038
-87.90362869	41.95062038
-87.90377632	41.95061799
-87.90380294	41.95062347
-87.90455598	41.95077843
-87.90499174	41.95086815
-87.90532503	41.95093674
-87.90647422	41.95117323
-87.90849578	41.95158918
-87.91008622	41.9519164
-87.91225957	41.95236353
-87.91225959	41.95236353
-87.91229804	41.95237144
-87.91228176	41.9514326
-87.91450989	41.95198493
-87.91472267	41.95202457
-87.91472288	41.95202461
-87.9147312	41.95202616
-87.91473121	41.95202668
-87.91473121	41.95202669
-87.91473862	41.95243292
-87.91474473	41.95276799
-87.91474977	41.95304406
-87.91475517	41.95334013
-87.91475749	41.95346774
-87.91475767	41.95347765
-87.91475949	41.95357719
-87.91476321	41.95378123
-87.91476899	41.95409826
-87.91477343	41.95434136
-87.91479107	41.9546064
-87.9147982	41.95471341
-87.91481887	41.95490819
-87.91483768	41.95508545
-87.91485343	41.95519345
-87.91485343	41.95519346
-87.91489179	41.95545644
-87.91493048	41.95566467
-87.91496048	41.95582612
-87.91497139	41.9558744
-87.91501991	41.95608908
-87.91504366	41.95619415
-87.91506924	41.95628998
-87.91512637	41.95650405
-87.91514134	41.95656014
-87.9151784	41.95668217
-87.91522779	41.95684476
-87.91536587	41.95691905
-87.91536588	41.95691906
-87.91542826	41.95695262
-87.91547412	41.95697592
-87.91570315	41.95709225
-87.91578099	41.95713179
-87.91589541	41.95717791
-87.91600167	41.95722073
-87.91613943	41.95727145
-87.91639784	41.95735708
-87.91655746	41.95740459
-87.91679171	41.95746433
-87.91703022	41.95751354
-87.91727225	41.95755213
-87.91738492	41.95757136
-87.91760028	41.95760815
-87.9182282	41.95771536
-87.9185327	41.95776735
-87.91853896	41.95776842
-87.91970785	41.95796801
-87.9199998	41.95801232
-87.9199998	41.95801233
-87.91999981	41.95801576
-87.92000003	41.95813353
-87.92000006	41.95815125
-87.92000124	41.95815139
-87.92005525	41.95815775
-87.92032252	41.9581892
-87.92038081	41.95819606
-87.92065563	41.95822348
-87.92065565	41.95822348
-87.92087339	41.95824521
-87.92094957	41.95825281
-87.92094995	41.95825285
-87.92126525	41.95828333
-87.92132587	41.95828919
-87.9215708	41.95831492
-87.92188076	41.95834748
-87.92195124	41.95835488
-87.92207513	41.95837104
-87.92214427	41.95838006
-87.92217074	41.95838351
-87.9221714	41.95831079
-87.92217182	41.95826434
-87.922172	41.95824439
-87.922172	41.95824438
-87.92217865	41.95750668
-87.92218742	41.95653429
-87.92218745	41.95653139
-87.92216869	41.9538727
-87.92216869	41.9538727
-87.92332029	41.95414446
-87.92355287	41.95420223
-87.92434055	41.95439791
-87.92434056	41.95439791
-87.92475223	41.95450198
-87.92516399	41.95459266
-87.92559308	41.95468921
-87.92613075	41.95481019
-87.92635294	41.95486408
-87.92634752	41.9557151
-87.92635315	41.95679849
-87.92635369	41.95690167
-87.92635325	41.9577248
-87.92635319	41.95784066
-87.92635359	41.95863851
-87.92635359	41.95863855
-87.9263557	41.95887625
-87.9263557	41.95887626
-87.92635617	41.95892938
-87.92635694	41.95901684
-87.92645655	41.95903292
-87.92681692	41.95909109
-87.92688346	41.95910183
-87.92719911	41.95915279
-87.92724171	41.95915967
-87.92731635	41.95917172
-87.92731735	41.95917188
-87.92759838	41.95921481
-87.92759843	41.95921482
-87.92781801	41.95924836
-87.92808724	41.95928949
-87.92838988	41.95933572
-87.92849237	41.9593535
-87.92849238	41.9593535
-87.92902404	41.95944573
-87.92944075	41.95951802
-87.92988596	41.95959525
-87.93001172	41.95961706
-87.93027195	41.95966063
-87.93027201	41.95966064
-87.93061767	41.9597185
-87.93073504	41.95973815
-87.93097428	41.9597723
-87.93097429	41.9597723
-87.93141234	41.95983483
-87.93153246	41.95985197
-87.93179557	41.95989507
-87.93179561	41.95989507
-87.93208233	41.95994203
-87.93208234	41.95994203
-87.93215468	41.9617371
-87.93216762	41.96215361
-87.93222837	41.96410924
-87.93225427	41.96479939
-87.93477093	41.96479989
-87.93477093	41.96479989
-87.93476969	41.96515378
-87.93476382	41.96682455
-87.93476382	41.96682463
-87.93476384	41.96682462
-87.93581967	41.96609076
-87.9365327	41.96559514
-87.93659042	41.96555502
-87.93680465	41.96540611
-87.93680465	41.9654061
-87.93680466	41.9654061
-87.93680485	41.96540593
-87.93680486	41.96540593
-87.93812642	41.96427948
-87.93812644	41.96427947
-87.93898317	41.96428242
-87.93914325	41.96428297
-87.93971808	41.96428494
-87.93971808	41.96428495
-87.93971647	41.96902162
-87.93971542	41.97208796
-87.93971542	41.97208839
-87.93971488	41.97368012
-87.93971319	41.97863637
-87.93971958	41.97927239
-87.93971958	41.97927241
-87.93972628	41.97993931
-87.93972933	41.98020787
-87.9397364	41.98070306
-87.93974168	41.981046
-87.93974594	41.98142391
-87.93974706	41.98152304
-87.93975155	41.98189188
-87.93975832	41.98231536
-87.93976484	41.98276719
-87.93977068	41.98312121
-87.93977266	41.98321724
-87.93977652	41.98340421
-87.93977984	41.98377195
-87.93978499	41.98412504
-87.93979232	41.98454122
-87.93980288	41.98514304
-87.93980358	41.98529831
-87.93980432	41.98535753
-87.93980447	41.98538645
-87.93980816	41.98565403
-87.93981352	41.98605541
-87.93981541	41.98620306
-87.93982169	41.98667069
-87.93982212	41.9866947
-87.93982229	41.98670414
-87.93982796	41.98701912
-87.9398263	41.98752791
-87.93982604	41.98760648
-87.93982453	41.98779736
-87.93982815	41.98805187
-87.93983501	41.98846671
-87.93984096	41.98881478
-87.93984096	41.98881478
-87.93984096	41.98881478
-87.93984705	41.98928299
-87.93985232	41.98971165
-87.93985847	41.99015289
-87.93987811	41.99048802
-87.93988367	41.99086334
-87.93988646	41.99114452
-87.93989061	41.99165935
-87.93989534	41.99196144
-87.93989935	41.99221837
-87.93990137	41.99235007
-87.93991024	41.99286829
-87.93992299	41.99328331
-87.93992908	41.99345382
-87.93992911	41.99345464
-87.93993043	41.9934914
-87.93989264	41.99349313
-87.93983235	41.99349588
-87.93977299	41.99349859
-87.93970025	41.99350191
-87.93964348	41.99350451
-87.93956656	41.99350802
-87.93950235	41.99351095
-87.93942827	41.99351433
-87.93935111	41.99351785
-87.93927703	41.99352124
-87.9391976	41.99352486
-87.93916329	41.99352643
-87.93914751	41.9935267
-87.93909071	41.99352767
-87.93901516	41.99352896
-87.93897608	41.99352963
-87.93894124	41.99353023
-87.93890022	41.99353093
-87.93885492	41.9935317
-87.93880097	41.99353263
-87.9387982	41.99354778
-87.93879555	41.9935623
-87.93879205	41.99358149
-87.93878085	41.99364286
-87.93877544	41.99366976
-87.93873296	41.99388143
-87.93872035	41.99394428
-87.93867121	41.99416119
-87.93865123	41.9942494
-87.93859121	41.99448118
-87.93859121	41.99448119
-87.93857102	41.99455916
-87.93854342	41.99465814
-87.93854342	41.99465814
-87.93854342	41.99465814
-87.93848465	41.99486891
-87.93846185	41.9949427
-87.93844462	41.99499843
-87.9383872	41.99518423
-87.938347	41.99530192
-87.93828362	41.99548745
-87.93817265	41.99579065
-87.93813245	41.99588846
-87.93813244	41.99588848
-87.9380469	41.99609662
-87.9379659	41.99628453
-87.937943	41.99633766
-87.937915	41.99640259
-87.93776954	41.99671784
-87.93769567	41.99686808
-87.93764016	41.99698097
-87.93761546	41.99703121
-87.93757398	41.99711119
-87.93757398	41.99711119
-87.93757397	41.99711119
-87.93753009	41.9971958
-87.93751547	41.99722279
-87.93745154	41.99734085
-87.93739218	41.99744685
-87.93735862	41.99750418
-87.93735862	41.99750418
-87.93730538	41.99759515
-87.93730538	41.99759516
-87.93727409	41.99764861
-87.93722024	41.99773711
-87.9371845	41.99779585
-87.93708061	41.99796658
-87.93691518	41.99822377
-87.93687729	41.99828268
-87.93684238	41.99833442
-87.93684238	41.99833442
-87.93684238	41.99833443
-87.93678287	41.99842264
-87.93673806	41.99848906
-87.93666782	41.99859318
-87.93655669	41.99875226
-87.93652819	41.99879305
-87.93649722	41.99883388
-87.93645346	41.99889157
-87.93639647	41.99896761
-87.93636081	41.99901521
-87.93630064	41.99909543
-87.93630012	41.99909614
-87.9362416	41.99917416
-87.93619238	41.99923716
-87.93612179	41.99932752
-87.93607136	41.99939087
-87.93607135	41.99939088
-87.93603225	41.99943999
-87.93594286	41.99955014
-87.93590628	41.99959521
-87.93583887	41.9996738
-87.93578589	41.99973555
-87.93578215	41.99973999
-87.9356963	41.99984178
-87.93569628	41.99984181
-87.935655	41.99989076
-87.9355949	41.99995979
-87.93552473	42.00004039
-87.93547463	42.00009455
-87.93540869	42.00016585
-87.93537306	42.000201
-87.9353672	42.00020661
-87.93534884	42.0002242
-87.93534499	42.00022789
-87.93526356	42.00030591
-87.93518627	42.00037996
-87.93510867	42.00045622
-87.93499789	42.00056509
-87.93488992	42.00067121
-87.93479833	42.00076121
-87.93479796	42.00076158
-87.93473753	42.00082097
-87.93465522	42.00090186
-87.93449378	42.00104806
-87.93428563	42.00123657
-87.93427313	42.00124713
-87.93418736	42.00131954
-87.93412915	42.00136869
-87.93405303	42.00143125
-87.93405303	42.00143125
-87.93405303	42.00143125
-87.93389471	42.00156136
-87.93389426	42.00156173
-87.93389425	42.00156174
-87.93389424	42.00156175
-87.93376891	42.00166474
-87.9335708	42.00181864
-87.93347902	42.00188781
-87.93347894	42.00188787
-87.93337062	42.00196949
-87.93332229	42.00200592
-87.93311899	42.00215281
-87.93311896	42.00215283
-87.93309164	42.00217257
-87.93305905	42.00219612
-87.93291072	42.0023033
-87.93288382	42.00232268
-87.93288375	42.00232273
-87.93268826	42.00246358
-87.93260915	42.00252058
-87.93243214	42.00264811
-87.9323396	42.00271496
-87.93205568	42.00292006
-87.93200918	42.00295372
-87.9318083	42.00309914
-87.93176703	42.00312901
-87.93156267	42.00327695
-87.93155752	42.00328066
-87.93151323	42.00331258
-87.93151308	42.00331269
-87.93145069	42.00335766
-87.9314441	42.0033624
-87.93131896	42.00345249
-87.9310712	42.00363086
-87.93102675	42.00366286
-87.9308788	42.00376936
-87.93084089	42.00379711
-87.93066361	42.00392687
-87.93054409	42.00401434
-87.93054408	42.00401434
-87.93054408	42.00401434
-87.93053551	42.00402061
-87.93053549	42.00402062
-87.93047897	42.00406562
-87.93040272	42.00412633
-87.93040068	42.00403064
-87.93040059	42.00402454
-87.93039873	42.00389065
-87.93039885	42.00386422
-87.93039885	42.00386422
-87.93039885	42.00386422
-87.93039938	42.00374954
-87.93039431	42.00365986
-87.93039217	42.00362182
-87.930392	42.0036188
-87.9303913	42.0036064
-87.93039081	42.00357642
-87.93038944	42.00349155
-87.93038892	42.00345908
-87.93038875	42.00343216
-87.93038856	42.00340088
-87.93038833	42.00336352
-87.93038804	42.00331563
-87.93038563	42.00321336
-87.93038461	42.00317023
-87.9303833	42.0031215
-87.93038068	42.00302405
-87.93037828	42.00287827
-87.93037809	42.00281792
-87.93037785	42.00274139
-87.9303739	42.00265676
-87.9303739	42.00265675
-87.93037129	42.00260097
-87.93036884	42.00246098
-87.93036744	42.00240426
-87.93036743	42.00240412
-87.93036536	42.00232021
-87.93036256	42.00220649
-87.93028576	42.00220995
-87.93026917	42.00220993
-87.93013369	42.0022098
-87.9299607	42.00221207
-87.92985855	42.00221342
-87.92985848	42.00221342
-87.92978806	42.00221435
-87.92973235	42.00221509
-87.92973144	42.0022151
-87.92961577	42.00221664
-87.92952657	42.002217
-87.92948412	42.00221717
-87.929456	42.00221728
-87.92944386	42.00221733
-87.92939436	42.00221792
-87.92927264	42.00221936
-87.92910142	42.00222139
-87.92898191	42.00222281
-87.92897919	42.00222284
-87.9289302	42.00222342
-87.92887628	42.00222406
-87.92886607	42.00222418
-87.92875898	42.00222545
-87.92870975	42.00222558
-87.92870475	42.00222559
-87.92867992	42.00222566
-87.92863157	42.00222578
-87.92858849	42.00222589
-87.92853781	42.00222658
-87.9285378	42.00222658
-87.92841762	42.00222819
-87.92835017	42.00222901
-87.92831182	42.00222947
-87.92824817	42.00223024
-87.92813562	42.00223107
-87.92812431	42.00223116
-87.92807908	42.00223149
-87.92804659	42.00223194
-87.92804655	42.00223194
-87.92803945	42.00223204
-87.92794304	42.00223338
-87.92791105	42.00223382
-87.92774301	42.00223615
-87.9275802	42.00223717
-87.92757818	42.00223718
-87.92751567	42.0022375
-87.92747664	42.00223771
-87.92741865	42.002238
-87.92725452	42.00223931
-87.92721298	42.00223964
-87.92709039	42.00224062
-87.92707187	42.00224091
-87.92707186	42.00224091
-87.92700969	42.00224191
-87.92692589	42.00224324
-87.92684689	42.00224479
-87.92678087	42.00224608
-87.92661638	42.00224738
-87.9265083	42.00224824
-87.9264519	42.00224868
-87.92630232	42.00225011
-87.92628741	42.00225025
-87.92612292	42.00225208
-87.92611559	42.00225219
-87.92604577	42.0022532
-87.92604572	42.0022532
-87.92595913	42.00225445
-87.92589721	42.00225496
-87.92585081	42.00225533
-87.92579642	42.00225577
-87.92563371	42.00225709
-87.92558536	42.00225794
-87.92558534	42.00225794
-87.92555072	42.00225855
-87.92546316	42.00226009
-87.92546133	42.00213565
-87.92545949	42.00201085
-87.9254582	42.00192272
-87.92545479	42.00169043
-87.92545206	42.00150492
-87.92545158	42.00147266
-87.92544867	42.00127455
-87.9254453	42.0010452
-87.92445055	42.0010625
-87.92436359	42.00106401
-87.92350253	42.00107903
-87.92182943	42.0011082
-87.92067859	42.00112824
-87.92062075	42.00112925
-87.92062074	42.00112925
-87.92062053	42.00112925
-87.9205159	42.00113107
-87.92051862	42.00119668
-87.92043714	42.00119937
-87.92043871	42.00127922
-87.92043871	42.00127936
-87.92044119	42.00140542
-87.92044245	42.00146967
-87.92044253	42.00147382
-87.92044358	42.0015275
-87.92044381	42.00153926
-87.92044934	42.00182079
-87.92045018	42.00186354
-87.92045698	42.00221001
-87.92046342	42.00253806
-87.92046946	42.00284581
-87.92047552	42.00315496
-87.92048082	42.00342455
-87.92048268	42.00351946
-87.9204857	42.00367357
-87.92048631	42.00370421
-87.92049425	42.0041088
-87.92050077	42.00444138
-87.92050673	42.00474469
-87.92050998	42.00491056
-87.92050998	42.00491057
-87.92051083	42.00495343
-87.9194967	42.0049717
-87.9185962	42.00498792
-87.91526798	42.0050478
-87.91494143	42.00505367
-87.91476392	42.00505686
-87.91381949	42.00507383
-87.91377084	42.00507469
-87.91377082	42.00521185
-87.91377046	42.00815576
-87.91377043	42.00843018
-87.9137704	42.0086006
-87.91377039	42.00870454
-87.91375116	42.00870554
-87.91348151	42.00871485
-87.91338335	42.00871904
-87.9133099	42.00872098
-87.91331059	42.0086161
-87.91331089	42.00857082
-87.91331072	42.00849945
-87.91331018	42.00826601
-87.91330971	42.00806359
-87.91330926	42.00787175
-87.91330873	42.0076435
-87.91330822	42.00742562
-87.91330768	42.00719201
-87.9133071	42.00694308
-87.91330654	42.00670445
-87.91330608	42.00650726
-87.9133055	42.00625782
-87.91317328	42.00626274
-87.91302985	42.00626807
-87.91302945	42.00609052
-87.91302935	42.00604994
-87.91302876	42.00579039
-87.91302806	42.00547913
-87.91302761	42.00528211
-87.91302717	42.00508805
-87.91270953	42.00509375
-87.91233481	42.00510048
-87.91197973	42.00510684
-87.91182154	42.00510968
-87.91171461	42.0051116
-87.91133545	42.0051184
-87.91133391	42.00509507
-87.9110831	42.00510443
-87.91077021	42.0051161
-87.91061852	42.00512176
-87.91046234	42.00512759
-87.91007544	42.00514203
-87.90974791	42.00515425
-87.90946277	42.00516489
-87.9091703	42.0051758
-87.90908222	42.00517908
-87.90891135	42.00518523
-87.90871443	42.00519232
-87.90854182	42.00519848
-87.90827428	42.00520804
-87.90827428	42.00521395
-87.9082743	42.00522724
-87.90796649	42.00523822
-87.90767355	42.00524867
-87.90767402	42.00549561
-87.90767414	42.00556225
-87.90767459	42.00579666
-87.90767521	42.00612351
-87.90767577	42.0064192
-87.9076764	42.0067512
-87.90767696	42.00704686
-87.90767764	42.0074047
-87.90767832	42.00776264
-87.90767896	42.00810006
-87.90767977	42.00852551
-87.90768022	42.00876303
-87.90768035	42.00882066
-87.90768048	42.00892181
-87.9063869	42.00896791
-87.90638687	42.00896791
-87.90638603	42.00896794
-87.9063858	42.00896795
-87.90575035	42.0089906
-87.90542558	42.00890409
-87.90403714	42.0085342
-87.90394003	42.00850819
-87.90245515	42.00811046
-87.90238347	42.00809126
-87.90238437	42.00791624
-87.9018774	42.00777995
-87.90175124	42.00774603
-87.90137426	42.00764468
-87.90103411	42.00755324
-87.90049948	42.0074095
-87.90020299	42.00732979
-87.89987674	42.00724207
-87.89961181	42.00717084
-87.8996118	42.00717084
-87.89916205	42.00704992
-87.89891716	42.00697575
-87.89891715	42.00697575
-87.89891715	42.00697575
-87.89875889	42.00692781
-87.89835426	42.00679346
-87.89806686	42.0066888
-87.89806686	42.0066888
-87.89793027	42.00663906
-87.89773709	42.00656304
-87.89756398	42.00649492
-87.89717928	42.00633116
-87.89699903	42.00625002
-87.896881	42.00619592
-87.89670538	42.00611542
-87.89651022	42.00602597
-87.89618044	42.00587481
-87.89598348	42.00578452
-87.89598339	42.0056466
-87.89592024	42.00564866
-87.89576266	42.00565388
-87.89576275	42.0058766
-87.89554715	42.00577778
-87.89530934	42.00566878
-87.89529734	42.00566918
-87.89529732	42.00566918
-87.89485849	42.00568362
-87.89429465	42.00570217
-87.89429918	42.00543871
-87.89429918	42.0054387
-87.89430398	42.00515991
-87.89431828	42.00432976
-87.89431939	42.00426496
-87.89432881	42.00371823
-87.89434621	42.00270765
-87.89424628	42.00271131
-87.89404062	42.00271886
-87.89354676	42.00273698
-87.89355044	42.0028073
-87.89355044	42.00280731
-87.89357322	42.00324339
-87.89357788	42.00333249
-87.89339598	42.00333845
-87.89339598	42.00333845
-87.89339598	42.00333845
-87.89322947	42.0033439
-87.89322946	42.0033439
-87.89323264	42.00339769
-87.89323264	42.0033977
-87.8932348	42.00343437
-87.89324239	42.00356285
-87.8932566	42.00380353
-87.89326475	42.00394155
-87.89326471	42.00394155
-87.89315148	42.00394526
-87.89303032	42.00394923
-87.89289725	42.00395359
-87.89252975	42.00396567
-87.8923413	42.00397187
-87.89216206	42.00397777
-87.89188956	42.0039867
-87.89164509	42.00388855
-87.89142034	42.0037983
-87.89126918	42.00373762
-87.89118499	42.00370381
-87.89090957	42.00359323
-87.89090951	42.0035932
-87.89068882	42.00350459
-87.89059721	42.00346781
-87.89031474	42.00335439
-87.89015351	42.00328964
-87.89010296	42.00326935
-87.88999682	42.00322673
-87.89003405	42.00317486
-87.89008115	42.00310923
-87.89017032	42.00298498
-87.89025064	42.00287306
-87.89025065	42.00287305
-87.89025224	42.00287083
-87.89025225	42.00287082
-87.89026473	42.00285343
-87.89031972	42.00285162
-87.89038168	42.00284959
-87.8903818	42.00283235
-87.89038365	42.00256617
-87.89038495	42.00237842
-87.89038549	42.0023001
-87.89041299	42.00229919
-87.89104769	42.00227834
-87.89104802	42.00227833
-87.89266963	42.00222506
-87.89344483	42.00219958
-87.89375467	42.00218939
-87.89429707	42.00217156
-87.89435547	42.00216964
-87.89435635	42.00211868
-87.89435736	42.00205971
-87.89488124	42.00204248
-87.89568018	42.00201621
-87.89641609	42.00199201
-87.89641745	42.00199196
-87.89691161	42.00197571
-87.89701877	42.00197217
-87.89743394	42.00195848
-87.8975875	42.00195346
-87.89759258	42.00195329
-87.89760829	42.00195278
-87.89783228	42.0019454
-87.89796695	42.00194097
-87.89796702	42.00194097
-87.89796755	42.00194095
-87.89847474	42.00192425
-87.89893341	42.00190915
-87.89903524	42.0019058
-87.89923622	42.00189918
-87.89982154	42.00221598
-87.90002776	42.00232759
-87.9002816	42.00246498
-87.9004913	42.00257848
-87.90093133	42.00281663
-87.90106118	42.00288691
-87.90122808	42.00297724
-87.90175278	42.00326121
-87.9019819	42.00338521
-87.90214474	42.00347335
-87.90240647	42.00361499
-87.90240539	42.00382614
-87.90240436	42.004027
-87.9028529	42.00401226
-87.90330982	42.00399723
-87.90330983	42.00399723
-87.90356608	42.00398881
-87.9038606	42.00397912
-87.90398534	42.00397502
-87.90406028	42.00397256
-87.9040612	42.00379189
-87.90406193	42.00364871
-87.90406238	42.00356044
-87.90398959	42.00354966
-87.90376387	42.00351622
-87.90367543	42.00350312
-87.90311506	42.0034201
-87.90268478	42.00318603
-87.90246623	42.00306714
-87.9022335	42.00294053
-87.90165886	42.00262792
-87.90127543	42.00241933
-87.90111239	42.00233063
-87.90096987	42.00225309
-87.90025129	42.00186216
-87.9001491	42.00180657
-87.89987589	42.00165793
-87.89975431	42.00159178
-87.89954277	42.0014767
-87.89921186	42.0014876
-87.89882315	42.00150047
-87.89882214	42.0015005
-87.89867348	42.00150543
-87.89843899	42.00151319
-87.89829	42.00151813
-87.89799458	42.00152791
-87.89744096	42.00154624
-87.89744673	42.0012076
-87.89744854	42.00110131
-87.89745306	42.00083621
-87.89745733	42.00058567
-87.89745824	42.00053219
-87.89733789	42.0005156
-87.89733788	42.0005156
-87.89733788	42.0005156
-87.89707852	42.00047985
-87.89672704	42.0004314
-87.89626572	42.00036781
-87.89593714	42.00032251
-87.89540399	42.00024902
-87.89540326	42.00024892
-87.89506994	42.00020296
-87.89447605	42.00012106
-87.89435469	42.00010385
-87.89430132	42.0000966
-87.89411494	42.00007125
-87.89411174	42.00007082
-87.89358121	41.99999764
-87.89346389	41.99998146
-87.89320477	41.99994574
-87.89297035	41.99991343
-87.89292536	41.99990678
-87.89273083	41.99987698
-87.89226588	41.99980576
-87.89226586	41.99980576
-87.89186657	41.99974459
-87.89172835	41.99972196
-87.89159542	41.99970019
-87.89081079	41.9995717
-87.89075343	41.99960979
-87.89044969	41.99955785
-87.89019388	41.9995123
-87.88982812	41.99944718
-87.88939788	41.9993876
-87.88857069	41.99923149
-87.8883495	41.99918975
-87.88774883	41.99906985
-87.88730482	41.99898125
-87.88675135	41.99886614
-87.8867324	41.99886218
-87.88577005	41.99864312
-87.88500701	41.9984694
-87.88496048	41.99846312
-87.88495539	41.99829695
-87.88495423	41.99829667
-87.88495422	41.99829666
-87.88453327	41.99819504
-87.88453362	41.99808119
-87.88453372	41.9980497
-87.88453372	41.99804968
-87.88454245	41.99523412
-87.88454284	41.99511085
-87.88454287	41.99509892
-87.88445978	41.99510153
-87.88445976	41.99510153
-87.88443116	41.99510242
-87.88442152	41.99510273
-87.88420046	41.99510965
-87.88282152	41.99515276
-87.88184418	41.9951833
-87.88083877	41.99521472
-87.88063957	41.99522095
-87.8806035	41.99522208
-87.88047813	41.995226
-87.88035484	41.99522985
-87.88035484	41.99522984
-87.88031474	41.99511855
-87.88018086	41.99474691
-87.87991208	41.9940008
-87.87974371	41.99353342
-87.87967033	41.99332972
-87.87962105	41.99319292
-87.87931502	41.99234338
-87.87904258	41.9915871
-87.87880139	41.99091754
-87.87844442	41.98992652
-87.87827172	41.98944707
-87.87816033	41.98913777
-87.87782689	41.9882119
-87.87781441	41.98817725
-87.87755813	41.98746561
-87.87755076	41.98744517
-87.87750794	41.98732626
-87.87734122	41.98686335
-87.87714944	41.98633087
-87.87691093	41.9856686
-87.87688217	41.9856695
-87.87688216	41.9856695
-87.87680236	41.98567198
-87.87648466	41.98568185
-87.87625587	41.98568896
-87.87605641	41.98569515
-87.87585705	41.98570135
-87.87585731	41.98557964
-87.87585761	41.98544126
-87.87585789	41.98530719
-87.87585909	41.9847478
-87.87585928	41.98466251
-87.87585936	41.98462716
-87.875861	41.9838853
-87.87586252	41.98318043
-87.875863	41.9829385
-87.87577682	41.98269918
-87.87563599	41.98230805
-87.8754746	41.98185985
-87.87527315	41.98130047
-87.87492619	41.98033699
-87.87489387	41.98024724
-87.87493704	41.98024614
-87.87493706	41.98024614
-87.87502218	41.98024396
-87.8750209	41.98024039
-87.87498349	41.98013651
-87.87498336	41.98013614
-87.87493381	41.97999853
-87.87479681	41.97961807
-87.87468523	41.97930819
-87.87455703	41.97895216
-87.87445296	41.97866312
-87.87434357	41.97835931
-87.87424535	41.97808653
-87.87413729	41.97778641
-87.87402733	41.97748102
-87.87391854	41.97717888
-87.87382678	41.97692403
-87.87373163	41.97665975
-87.87373064	41.976657
-87.8737311	41.97665699
-87.87397974	41.97665081
-87.8741507	41.97664655
-87.87454915	41.97663664
-87.87463964	41.97663439
-87.87464012	41.97663438
-87.87516825	41.97662124
-87.87556037	41.97661149
-87.87588274	41.97660347
-87.87588275	41.97659967
-87.87588275	41.97659966
-87.87588275	41.97659966
-87.87588276	41.97659919
-87.8758843	41.97616864
-87.87588484	41.97601874
-87.87588539	41.97586649
-87.875886	41.97569619
-87.87588659	41.97553135
-87.87588832	41.97505082
-87.87588832	41.97504896
-87.87588854	41.97498848
-87.87588855	41.97498661
-87.87588926	41.97478875
-87.87588981	41.97463761
-87.87589031	41.9745008
-87.87589061	41.97442101
-87.87589061	41.974421
-87.87589187	41.97407767
-87.87589259	41.97388141
-87.87543549	41.97389278
-87.87506227	41.97390206
-87.87481795	41.97390814
-87.87442888	41.97391781
-87.87420089	41.97392348
-87.8735843	41.97393881
-87.87332715	41.9739452
-87.8732243	41.97394773
-87.87300848	41.97395303
-87.87300727	41.97394968
-87.87297618	41.97386322
-87.87283727	41.97386671
-87.87272709	41.97386947
-87.87265997	41.97387113
-87.87257607	41.9738732
-87.87264275	41.9739583
-87.87264599	41.97396245
-87.8720902	41.97397517
-87.87176758	41.97398256
-87.87153603	41.97398785
-87.87121586	41.97399518
-87.8709683	41.97400085
-87.8709683	41.97400085
-87.87086179	41.97400339
-87.87040268	41.97401437
-87.87013287	41.97402082
-87.86987319	41.97402703
-87.86965032	41.97403236
-87.86923115	41.97404092
-87.86892373	41.9740472
-87.86860487	41.97405371
-87.86860528	41.97401256
-87.86860568	41.9739721
-87.86860721	41.97380926
-87.86860732	41.97379757
-87.86860732	41.97379757
-87.86860732	41.97379757
-87.8685658	41.97379814
-87.86819321	41.97380684
-87.86783746	41.97381517
-87.86783761	41.97382897
-87.86783823	41.97388649
-87.86783926	41.97398252
-87.86767554	41.97398631
-87.86751366	41.97399005
-87.8674919	41.97399055
-87.86749221	41.97390642
-87.86749278	41.97374901
-87.86749285	41.97372799
-87.86688633	41.97374304
-87.8668428	41.97374429
-87.86680685	41.97374533
-87.86678484	41.97374596
-87.86674219	41.97374719
-87.86672456	41.9737477
-87.86661727	41.97375039
-87.86624669	41.97375967
-87.86611737	41.9737629
-87.86605446	41.97376406
-87.8660544	41.97376406
-87.86597806	41.97376545
-87.8658849	41.97376716
-87.86566943	41.9737711
-87.86550123	41.97377417
-87.86542545	41.97377598
-87.86535411	41.97377769
-87.86521343	41.97378105
-87.86473846	41.97379241
-87.86426576	41.97380377
-87.86415489	41.97380644
-87.86413724	41.97380721
-87.86411639	41.97380813
-87.86408255	41.97380963
-87.86404401	41.97381133
-87.86400797	41.97381292
-87.86399693	41.9738132
-87.86381776	41.97381749
-87.8636976	41.97382037
-87.86321505	41.97383191
-87.86286948	41.97384018
-87.86270973	41.97384401
-87.86251053	41.97384877
-87.86250206	41.97384898
-87.8624071	41.97385127
-87.86238834	41.97385173
-87.86224267	41.97385625
-87.86200865	41.97386353
-87.8620107	41.9738861
-87.86201957	41.97398454
-87.8620163	41.97407612
-87.86201084	41.97422932
-87.86200794	41.97431043
-87.86197686	41.97442052
-87.86192713	41.97459664
-87.86192713	41.97459664
-87.86192576	41.97460149
-87.86186407	41.97481993
-87.86186407	41.97481993
-87.86175798	41.97516762
-87.86168371	41.97534932
-87.86155075	41.97555675
-87.86143496	41.97572481
-87.86124454	41.97600118
-87.86102051	41.97622937
-87.86096481	41.97627835
-87.86092723	41.9763114
-87.86067488	41.97653868
-87.85996441	41.97699343
-87.85964321	41.97730755
-87.85937924	41.97756571
-87.85908057	41.97792618
-87.85886116	41.978191
-87.8588301	41.9782285
-87.85845581	41.97866416
-87.8582484	41.97883572
-87.85701213	41.97986511
-87.85678139	41.98005156
-87.85627392	41.9804616
-87.85622921	41.98052745
-87.85617067	41.98061367
-87.85605723	41.98078075
-87.85605222	41.98078813
-87.85603971	41.98080656
-87.85587717	41.98109858
-87.85582145	41.98140435
-87.85578362	41.98169692
-87.85578357	41.98170419
-87.85578014	41.98216257
-87.85597136	41.98280203
-87.85620752	41.98341422
-87.85623353	41.98348168
-87.85631545	41.98364248
-87.85657207	41.98414625
-87.85663945	41.9843187
-87.85663952	41.98431958
-87.85663952	41.9843196
-87.85663952	41.9843196
-87.85664839	41.98443226
-87.85664472	41.98466279
-87.85661303	41.98481888
-87.85657098	41.9850223
-87.85657098	41.9850223
-87.85656524	41.98504201
-87.85655135	41.98508961
-87.85651885	41.98520098
-87.85647148	41.98536324
-87.85646413	41.98541085
-87.85643789	41.98558044
-87.85636036	41.98599406
-87.85630605	41.98615448
-87.8561845	41.98641324
-87.85608786	41.98661745
-87.85600774	41.98680586
-87.8559048	41.98707291
-87.85587413	41.98715248
-87.85587387	41.98715316
-87.85587061	41.98715974
-87.85570095	41.98750219
-87.85558219	41.98773745
-87.85555886	41.98784196
-87.85555716	41.98784997
-87.85555716	41.98784998
-87.85555716	41.98784998
-87.85553747	41.98794272
-87.855568	41.98818859
-87.85563585	41.98849507
-87.85568054	41.98866266
-87.85576567	41.988927
-87.85583517	41.989052
-87.85583523	41.9890521
-87.85583521	41.98905209
-87.85550173	41.98894396
-87.85506338	41.98882178
-87.85482979	41.98876018
-87.85460664	41.98871836
-87.85445585	41.98869564
-87.85412232	41.9886484
-87.85385769	41.98861606
-87.85360688	41.9885994
-87.85316789	41.98857676
-87.85268134	41.98855963
-87.85263031	41.98855752
-87.85263023	41.98855752
-87.85242813	41.98854916
-87.85239048	41.98854761
-87.85229277	41.98854357
-87.85222456	41.98854076
-87.85212348	41.98853661
-87.8519879	41.98853099
-87.85183633	41.98852371
-87.85176802	41.98851991
-87.85163584	41.9885123
-87.85161426	41.98851106
-87.851479	41.98850207
-87.85142867	41.98849873
-87.8513269	41.98849166
-87.85114325	41.98847748
-87.85107281	41.98847204
-87.85100613	41.98846614
-87.85092283	41.98845879
-87.85083983	41.98845133
-87.85070159	41.98843799
-87.8505832	41.98842627
-87.85051093	41.98841847
-87.85041421	41.98840803
-87.85024974	41.98838915
-87.85021163	41.98838478
-87.85009374	41.98837076
-87.84990375	41.98834759
-87.84970175	41.98832103
-87.84953107	41.98829822
-87.84928136	41.9882625
-87.84905017	41.98822901
-87.84890155	41.98820695
-87.84875021	41.98818488
-87.848568	41.98815864
-87.84838176	41.98813069
-87.84822948	41.98810678
-87.84805558	41.98808008
-87.84748058	41.9879945
-87.84736044	41.98797637
-87.84696821	41.98791966
-87.84652906	41.9878533
-87.84652832	41.98785319
-87.84607777	41.9877851
-87.84602741	41.98777771
-87.84573978	41.98773553
-87.84536545	41.9876812
-87.84505253	41.98763368
-87.84473349	41.9875705
-87.84461121	41.9875528
-87.84440363	41.98752137
-87.84434709	41.98751652
-87.84425006	41.98750667
-87.84412774	41.98749037
-87.84398685	41.98747676
-87.84394607	41.98747099
-87.84383613	41.98745625
-87.84372706	41.98743822
-87.84352714	41.9874094
-87.84344117	41.98739671
-87.84330486	41.98737615
-87.84320375	41.98736094
-87.84174217	41.98713546
-87.8414853	41.98709815
-87.840218	41.98691404
-87.84004979	41.98688961
-87.83966015	41.98683354
-87.83947718	41.98680685
-87.83908919	41.98675073
-87.83892481	41.98672698
-87.838656	41.98668452
-87.83844158	41.98664849
-87.83821505	41.98660943
-87.83801599	41.98657504
-87.83786728	41.98655173
-87.83765718	41.98651921
-87.83747225	41.98649404
-87.8365809	41.98639611
-87.83658088	41.986396111591276))
((-87.94001271998708	41.99810814
-87.94002021	41.99810694
-87.94005008	41.99896069
-87.94007744	41.99974259
-87.94008199	41.99987252
-87.94009181	42.00015343
-87.94011408	42.00078932
-87.94009324	42.00078964
-87.94008638	42.00078975
-87.93992995	42.00079216
-87.93897154	42.00080633
-87.93802044	42.00082533
-87.93763492	42.00083303
-87.9376349	42.00083303
-87.93763458	42.00083303
-87.93763421	42.00083304
-87.93706082	42.00084449
-87.93639424	42.0008578
-87.93598901	42.00086792
-87.93556511	42.00087851
-87.93539948	42.00088265
-87.93526833	42.00088593
-87.93525665	42.00088622
-87.93525664	42.00088622
-87.93521503	42.00088726
-87.93514386	42.00088912
-87.9351757	42.00085475
-87.93519478	42.00083417
-87.93520289	42.00082542
-87.93521103	42.00081664
-87.93526015	42.00076182
-87.93529134	42.00072701
-87.93530303	42.00071397
-87.93531495	42.00070066
-87.93532285	42.00069185
-87.93536447	42.00064539
-87.93540929	42.00059537
-87.93546805	42.0005298
-87.93551196	42.00048078
-87.93552537	42.00046783
-87.93558547	42.00040978
-87.93564494	42.00035234
-87.93570224	42.00029699
-87.93574248	42.00025812
-87.93575606	42.00024501
-87.93580229	42.00020035
-87.9358023	42.00020035
-87.9358023	42.00020034
-87.93584506	42.00015904
-87.93586877	42.00013713
-87.93586886	42.00013704
-87.93590357	42.00010498
-87.93598608	42.00001375
-87.93632784	41.99960327
-87.93633411	41.99959521
-87.93633416	41.99959514
-87.93633417	41.99959513
-87.93661436	41.99923479
-87.93661441	41.99923472
-87.93661545	41.99923338
-87.9366261	41.99921902
-87.93662641	41.9992186
-87.93677129	41.99902325
-87.93687597	41.99888185
-87.93693409	41.99880336
-87.93706165	41.99861236
-87.93707477	41.99859281
-87.93707951	41.99858574
-87.93709958	41.99858244
-87.93709958	41.99858244
-87.93742189	41.99852945
-87.93772226	41.99848007
-87.9378781	41.99845445
-87.93809982	41.998418
-87.938282	41.99838805
-87.93844288	41.99836159
-87.93868811	41.99832127
-87.93868828	41.99832125
-87.93882355	41.99829901
-87.93905446	41.99826104
-87.93917683	41.99824152
-87.93919852	41.99823805
-87.93940709	41.99820477
-87.93960572	41.99817308
-87.93977317	41.99814636
-87.93982897	41.99813746
-87.93989441	41.99812702
-87.94001271	41.99810814
-87.94001272	41.99810813759193))
((-87.9334848677932	42.00542371
-87.93361123	42.00488778
-87.93361123	42.00488778
-87.9336127	42.00488155
-87.93397747	42.00493026
-87.93427209	42.00496961
-87.93427328	42.00496976
-87.93437325	42.00498311
-87.93437181	42.00492166
-87.9343603	42.00442926
-87.93435816	42.00433793
-87.93435761	42.00431426
-87.9343559	42.0042411
-87.93434669	42.00384734
-87.93433943	42.00353698
-87.93433221	42.00322832
-87.93432483	42.00291284
-87.93431729	42.00259053
-87.93431529	42.00250463
-87.9343099	42.00227434
-87.93430263	42.00196323
-87.93428023	42.00196369
-87.93428022	42.00196369
-87.93388915	42.00197178
-87.93426992	42.00166678
-87.93426993	42.00166677
-87.93429522	42.00164651
-87.93429714	42.00172855
-87.93442687	42.00160011
-87.93451154	42.00151628
-87.93456272	42.0014656
-87.93462902	42.00139995
-87.93469285	42.00133662
-87.93475573	42.00127423
-87.93477081	42.00125927
-87.9348033	42.00122703
-87.93483944	42.00119117
-87.93490728	42.00112386
-87.93497336	42.00105829
-87.93503887	42.00099329
-87.93509473	42.00093786
-87.93509638	42.00099232
-87.93510164	42.00116674
-87.93510649	42.00132772
-87.9351114	42.00149048
-87.93512013	42.00178014
-87.93513174	42.00216534
-87.93513402	42.00224081
-87.93513987	42.00243492
-87.93515027	42.00277967
-87.93515604	42.00297107
-87.93516695	42.00333279
-87.93516859	42.00339685
-87.93516859	42.00339689
-87.93516994	42.00344969
-87.93516994	42.00344975
-87.93517427	42.0036187
-87.93518481	42.00403014
-87.9351871	42.00411966
-87.93519183	42.00430428
-87.93519331	42.00436205
-87.93519536	42.00444203
-87.93519889	42.0045801
-87.93520725	42.00490642
-87.93520884	42.00496828
-87.93521225	42.00510158
-87.93521264	42.00511671
-87.93521891	42.00536148
-87.93522096	42.00544155
-87.93522265	42.00550747
-87.93522835	42.0057297
-87.93523092	42.00583015
-87.93523094	42.00583122
-87.93523154	42.00585742
-87.93523344	42.00594011
-87.9352437	42.00638781
-87.93524534	42.0064596
-87.9352516	42.00673276
-87.93525494	42.00687847
-87.93525731	42.00698208
-87.93526136	42.00715875
-87.93526356	42.00725442
-87.93526841	42.00746617
-87.93527084	42.0075722
-87.93527524	42.00776453
-87.93528082	42.00800805
-87.93528753	42.00815143
-87.93527833	42.00815153
-87.93510114	42.00815346
-87.93503071	42.00815423
-87.93487299	42.00815593
-87.93425976	42.00816401
-87.9335942	42.00817333
-87.93358959	42.00817339
-87.93358036	42.00817353
-87.93358036	42.00817352
-87.93358036	42.00817351
-87.93358035	42.00817345
-87.93356295	42.00801853
-87.93354629	42.00732875
-87.93354312	42.0071978
-87.933543	42.00719265
-87.93350954	42.00580712
-87.93350595	42.00565873
-87.93350562	42.00557993
-87.93350556	42.00556497
-87.93349996	42.00552672
-87.93348487	42.00542371