-87.60603749	41.78587406
-87.60626872	41.78587043
-87.60640514	41.78586882
-87.60679842	41.78586319
-87.60746869	41.78585024
-87.60808039	41.78583841
-87.60853946	41.78582932
-87.60856515	41.78582881
-87.60884973	41.78582318
-87.60939573	41.78581405
-87.60972041	41.78580827
-87.6100584	41.78580225
-87.61067958	41.78579162
-87.6109176	41.78578762
-87.6111482	41.78578375
-87.61187491	41.78577059
-87.6120875	41.78576699
-87.61243895	41.78576104
-87.61300286	41.78575088
-87.61327586	41.78574612
-87.61359826	41.78574048
-87.61417987	41.78573054
-87.61446304	41.78572539
-87.61470391	41.785721
-87.61526675	41.78571099
-87.61557373	41.78570392
-87.61575954	41.78569891
-87.61575565	41.78554533
-87.61574709	41.78518446
-87.61574348	41.78503196
-87.61573856	41.78483182
-87.61573725	41.78476869
-87.61573044	41.78450805
-87.61572443	41.78428375
-87.61572056	41.78414426
-87.6157135	41.78388423
-87.61570512	41.78357582
-87.61570138	41.78337881
-87.61569644	41.78313465
-87.61569086	41.78289153
-87.61568593	41.78267645
-87.61567977	41.7824094
-87.61567593	41.78224126
-87.61567193	41.78207367
-87.61566872	41.78193925
-87.61566872	41.78193924
-87.61566768	41.7818957
-87.61566039	41.78162866
-87.6156517	41.78131046
-87.61564407	41.78103135
-87.61563678	41.78076448
-87.61563483	41.78069468
-87.61563162	41.7805792
-87.61562765	41.78044479
-87.61562233	41.78023914
-87.61627323	41.78022591
-87.61643536	41.78022409
-87.61673991	41.78021888
-87.61695682	41.78021519
-87.61717685	41.78021102
-87.61734906	41.78020776
-87.61758728	41.78020325
-87.61780379	41.78019898
-87.61783541	41.78019836
-87.61787475	41.78019758
-87.61807075	41.78019375
-87.61809693	41.78019324
-87.61843315	41.78018692
-87.61885547	41.78018112
-87.61895708	41.78017973
-87.61924589	41.78017576
-87.61947853	41.78017199
-87.61970346	41.7801685
-87.61999181	41.78015923
-87.62010157	41.78015385
-87.62041214	41.78010829
-87.6205525	41.7800877
-87.62065028	41.78007572
-87.62083423	41.7800576
-87.62106316	41.78004752
-87.62150322	41.78004144
-87.62167679	41.78004025
-87.62175791	41.7800397
-87.62197559	41.7800355
-87.62208703	41.78003336
-87.62215442	41.78003206
-87.62219888	41.7800312
-87.62248026	41.78002578
-87.62292954	41.78001928
-87.62326946	41.78001458
-87.62354199	41.78001132
-87.62369798	41.78001176
-87.62396624	41.78001252
-87.62422148	41.78002079
-87.62445283	41.78003344
-87.62473183	41.78004839
-87.62480273	41.7800485
-87.62510255	41.78006017
-87.62537485	41.78005829
-87.62536999	41.78030206
-87.62536597	41.78044745
-87.62535706	41.7807979
-87.62535502	41.78117314
-87.62536105	41.78158147
-87.62537102	41.78188319
-87.62538289	41.78224268
-87.62539766	41.78291978
-87.62540251	41.78313949
-87.62540407	41.78320998
-87.62554894	41.7832071
-87.62597479	41.78319864
-87.62648661	41.78318846
-87.62664914	41.78318523
-87.62677988	41.78318263
-87.62698964	41.78318007
-87.62745638	41.78317436
-87.62748527	41.78317386
-87.62764308	41.78317111
-87.62764568	41.78317106
-87.62773232	41.78316955
-87.62779375	41.78316848
-87.62787305	41.7831671
-87.6279691	41.78316542
-87.62809583	41.78316321
-87.62826259	41.7831603
-87.62824698	41.78325618
-87.62826498	41.78391458
-87.62830509	41.78539914
-87.6283077	41.78549487
-87.62831034	41.78558921
-87.62834402	41.78682366
-87.62834563	41.7868861
-87.62835439	41.78721582
-87.628357	41.78731249
-87.62835962	41.78740829
-87.62842594	41.78984734
-87.62840311	41.78995248
-87.62843121	41.79003604
-87.628453	41.79084986
-87.62845561	41.79094576
-87.62845829	41.79103719
-87.62846149	41.79116344
-87.62847267	41.79169041
-87.62849915	41.79257904
-87.62852682	41.79356784
-87.62854257	41.79413909
-87.62854556	41.79424313
-87.62855541	41.79459928
-87.62855837	41.79470519
-87.62858277	41.79561576
-87.62861133	41.79652395
-87.62864917	41.79796561
-87.62865321	41.79814093
-87.62865532	41.79824061
-87.62865751	41.79833443
-87.62866037	41.7984497
-87.62867997	41.79912938
-87.62868321	41.79928058
-87.62868513	41.79937022
-87.62880937	41.79936961
-87.628817	41.79959366
-87.62883244	41.80031824
-87.62884198	41.80057798
-87.62884901	41.80089807
-87.62884484	41.8010284
-87.62882429	41.80127217
-87.6287948	41.80149428
-87.62879454	41.80160233
-87.6287942	41.8017591
-87.62879824	41.80189303
-87.62870375	41.8018956
-87.62852804	41.80190038
-87.62826073	41.80190764
-87.62804023	41.80191076
-87.62801221	41.80191116
-87.62798418	41.80191155
-87.6277602	41.80191472
-87.62721247	41.8019253
-87.62687153	41.80193246
-87.62672373	41.80193557
-87.62658308	41.80193852
-87.62611153	41.80194168
-87.62588976	41.8019458
-87.62559602	41.80195124
-87.62514991	41.80195922
-87.62508751	41.80196021
-87.62461728	41.80196763
-87.6245613	41.80196858
-87.62427298	41.80197291
-87.62395945	41.80197762
-87.62345337	41.8019867
-87.6232939	41.80198956
-87.62288851	41.80199768
-87.62264934	41.80200088
-87.62244829	41.80200357
-87.62191287	41.80201189
-87.62183982	41.80201311
-87.62145826	41.8020195
-87.62102683	41.80202683
-87.62043117	41.80203695
-87.62030765	41.80203897
-87.62022464	41.80204032
-87.61985044	41.80204641
-87.6194071	41.80205298
-87.6190574	41.80205817
-87.61863129	41.80206531
-87.61855087	41.80206665
-87.61848687	41.80206773
-87.61847205	41.80206797
-87.61796539	41.80207601
-87.61774654	41.80207948
-87.61746537	41.80208393
-87.61734622	41.80208573
-87.61691645	41.80209223
-87.61685103	41.80209323
-87.61663458	41.80209652
-87.61654886	41.80209783
-87.61634773	41.80210089
-87.61627191	41.80210142
-87.61611074	41.80210252
-87.61607575	41.80210276
-87.61585821	41.80210426
-87.6157101	41.80210531
-87.61549721	41.80210683
-87.61539069	41.80210789
-87.61496763	41.80211481
-87.61464269	41.80211966
-87.61433057	41.80212413
-87.61419256	41.8021261
-87.61407133	41.80212784
-87.61379192	41.80213184
-87.61284548	41.80214589
-87.61250323	41.80215098
-87.61223219	41.80215502
-87.61158573	41.80216479
-87.6112864	41.80216905
-87.61110853	41.80217159
-87.61070818	41.80217758
-87.61024003	41.80218489
-87.61004036	41.80218852
-87.60976865	41.80219345
-87.60912167	41.80220356
-87.60788583	41.80222291
-87.60765601	41.8022265
-87.6073843	41.80223056
-87.60676961	41.80223973
-87.60640721	41.80225116
-87.60638861	41.80169552
-87.6063862	41.8016236
-87.60637805	41.80137996
-87.60636958	41.80112692
-87.60636303	41.80087841
-87.6063589	41.80072207
-87.60635325	41.80043416
-87.60634089	41.79980421
-87.60633582	41.79937031
-87.6063251	41.79894943
-87.60631764	41.79861285
-87.60631587	41.79853309
-87.606315	41.79849398
-87.60631308	41.79841952
-87.60629918	41.7977509
-87.60628844	41.7972995
-87.60628186	41.79692185
-87.6062807	41.79688119
-87.60627734	41.79679885
-87.606272	41.79658054
-87.60626636	41.79632624
-87.60626217	41.79616886
-87.60625556	41.79590644
-87.60625072	41.7956567
-87.60624211	41.79528609
-87.60621152	41.79506262
-87.6062155	41.79496536
-87.60622221	41.79480124
-87.60618986	41.7931548
-87.60616049	41.7916185
-87.60615524	41.79145093
-87.60615309	41.79132525
-87.60614913	41.79109259
-87.60614504	41.79088367
-87.60614056	41.79064335
-87.60613617	41.79041574
-87.60613106	41.79015366
-87.60612635	41.78990867
-87.60612313	41.78973999
-87.606118	41.78951347
-87.60611288	41.78928739
-87.60611062	41.78913019
-87.6061068	41.78886789
-87.60610329	41.78867602
-87.60609483	41.78841866
-87.60608729	41.78816756
-87.6060818	41.78789431
-87.60607978	41.78769555
-87.60607771	41.78749049
-87.60606393	41.78733417
-87.60605949	41.78712978
-87.60605397	41.78687551
-87.60605059	41.78672362
-87.60604833	41.7866244
-87.60604436	41.78641553
-87.60604001	41.78618652
-87.60603648	41.78604097
-87.60603749	41.78587406